1.08261
1.08261
1.08264
1.08262
1.08261
1.08261
1.08258
1.08254
1.08247
1.08241
1.08241
1.08243
1.08265
1.08268
1.08268
1.08267
1.08265
1.08264
1.08262
1.08262
1.08264
1.08271
1.08279
1.08289
1.08288
1.08288
1.08292
1.08298
1.08296
1.08286
1.08285
1.08289
1.08291
1.08279
1.08277
1.08275
1.08275
1.08275
1.08282
1.08279
1.08284
1.08291
1.08296
1.08319
1.08321
1.08328
1.08326
1.08325
1.08325
1.08325
1.08325
1.08325
1.08322
1.08318
1.08302
1.08299
1.08301
1.08292
1.08292
1.08298
1.08319
1.08319
1.08316
1.08336
1.08336
1.08332
1.08335
1.08336
1.08333
1.08333
1.08332
1.08338
1.08339
1.08333
1.08328
1.08325
1.08325
1.08325
1.08319
1.08319
1.08319
1.08319
1.08312
1.08312
1.08312
1.08313
1.08312
1.08312
1.08309
1.08302
1.08302
1.08302
1.08302
1.08304
1.08302
1.08302
1.08298
1.08298
1.08298
1.08298
1.08296
1.08296
1.08292
1.08294
1.08292
1.08294
1.08292
1.08292
1.08298
1.08298
1.08298
1.08296
1.08301
1.08295
1.08296
1.08298
1.08298
1.08301
1.08302
1.08311
1.08311
1.08312
1.08311
1.08304
1.08305
1.08304
1.08289
1.08285
1.08278
1.08275
1.08278
1.08275
1.08275
1.08281
1.08281
1.08281
1.08281
1.08281
1.08282
1.08282
1.08282
1.08282
1.08282
1.08284
1.08285
1.08284
1.08282
1.08281
1.08281
1.08281
1.08281
1.08282
1.08288
1.08292
1.08288
1.08284
1.08279
1.08278
1.08278
1.08275
1.08277
1.08278
1.08281
1.08281
1.08278
1.08278
1.08277
1.08281
1.08281
1.08275
1.08275
1.08278
1.08281
1.08281
1.08281
1.08277
1.08279
1.08278
1.08281
1.08281
1.08291
1.08291
1.08288
1.08286
1.08285
1.08285
1.08285
1.08286
1.08291
1.08291
1.08291
1.08292
1.08298
1.08292
1.08292
1.08292
1.08292
1.08292
1.08291
1.08291
1.08292
1.08292
1.08292
1.08292
1.08282
1.08281
1.08281
1.08285
1.08285
1.08284
1.08285
1.08285
1.08285
1.08285
1.08285
1.08285
1.08286
1.08285
1.08285
1.08285
1.08285
1.08281
1.08281
1.08278
1.08278
1.08278
1.08278
1.08275
1.08278
1.08278
1.08278
1.08277
1.08275
1.08275
1.08275
1.08278
1.08277
1.08272
1.08271
1.08274
1.08274
1.08272
1.08271
1.08271
1.08272
1.08272
1.08272
1.08271
1.08272
1.08271
1.08278
1.08284
1.08285
1.08289
1.08288
1.08285
1.08285
1.08285
1.08288
1.08291
1.08289
1.08291
1.08294
1.08294
1.08292
1.08294
1.08295
1.08292
1.08295
1.08302
1.08312
1.08313
1.08312
1.08312
1.08313
1.08312
1.08298
1.08295
1.08296
1.08302
1.08302
1.08302
1.08302
1.08305
1.08305
1.08301
1.08301
1.08294
1.08302
1.08302
1.08299
1.08299
1.08298
1.08298
1.08315
1.08306
1.08323
1.08322
1.08321
1.08321
1.08313
1.08312
1.08305
1.08298
1.08298
1.08301
1.08312
1.08313
1.08312
1.08312
1.08312
1.08311
1.08312
1.08312
1.08311
1.08312
1.08315
1.08312
1.08312
1.08315
1.08316
1.08313
1.08312
1.08313
1.08313
1.08313
1.08312
1.08309
1.08309
1.08309
1.08309
1.08309
1.08309
1.08322
1.08321
1.08322
1.08323
1.08325
1.08322
1.08321
1.08322
1.08321
1.08319
1.08321
1.08322
1.08322
1.08322
1.08322
1.08322
1.08322
1.08322
1.08322
1.08321
1.08321
1.08322
1.08323
1.08325
1.08325
1.08323
1.08323
1.08325
1.08323
1.08325
1.08322
1.0833
1.0834
1.08342
1.08342
1.08345
1.08343
1.08342
1.08343
1.08343
1.08343
1.08342
1.08342
1.0834
1.08345
1.08345
1.08345
1.08342
1.08342
1.08342
1.0834
1.08342
1.08338
1.08342
1.08342
1.08349
1.08349
1.0835
1.0835
1.0835
1.08352
1.08353
1.08353
1.08353
1.08359
1.08357
1.08362
1.08356
1.08356
1.08356
1.08355
1.08353
1.08357
1.08356
1.08353
1.08359
1.08357
1.08353
1.08353
1.08355
1.08356
1.08359
1.08359
1.08359
1.08359
1.08359
1.08359
1.08359
1.08359
1.08359
1.08357
1.08359
1.08359
1.08356
1.08359
1.08356
1.0836
1.0836
1.08366
1.08366
1.08363
1.08366
1.08363
1.08366
1.08367
1.08367
1.0837
1.08369
1.0837
1.0837
1.0837
1.0837
1.08369
1.08366
1.08367
1.08367
1.08366
1.08366
1.08366
1.08366
1.0837
1.08369
1.08367
1.08367
1.08366
1.08367
1.08367
1.08386
1.08382
1.08382
1.0838
1.08374
1.0837
1.08372
1.08374
1.08374
1.08374
1.08376
1.08374
1.08374
1.08372
1.08373
1.08373
1.08373
1.0838
1.08384
1.08383
1.0838
1.0838
1.08386
1.08386
1.08383
1.08386
1.08383
1.08386
1.0839
1.08387
1.08384
1.08384
1.08386
1.08386
1.08386
1.08389
1.08386
1.08383
1.08382
1.08376
1.0837
1.08373
1.08372
1.08367
1.08369
1.08367
1.0837
1.08366
1.0837
1.08373
1.0837
1.08369
1.08369
1.0837
1.08369
1.0837
1.08373
1.08373
1.0837
1.08373
1.08372
1.08372
1.08372
1.08372
1.08372
1.08372
1.0837
1.08369
1.08369
1.0837
1.0837
1.0837
1.0837
1.08369
1.08373
1.0837
1.0837
1.0837
1.0837
1.08372
1.0837
1.08379
1.08377
1.08363
1.08363
1.08363
1.08363
1.08365
1.08363
1.08359
1.08359
1.08357
1.08357
1.08362
1.0838
1.08366
1.08373
1.08373
1.08367
1.08369
1.08367
1.0837
1.0837
1.0837
1.0837
1.08369
1.0837
1.08367
1.08365
1.08365
1.08365
1.08366
1.08365
1.08365
1.08372
1.08369
1.0837
1.08366
1.08365
1.08366
1.0837
1.08367
1.08366
1.08365
1.08357
1.08359
1.0836
1.08356
1.08359
1.08363
1.08366
1.08365
1.08362
1.08363
1.08362
1.0836
1.0836
1.0836
1.0836
1.0836
1.0836
1.0836
1.08356
1.08356
1.08356
1.08359
1.08363
1.0836
1.0836
1.0836
1.08362
1.08365
1.08363
1.0837
1.08369
1.08366
1.08366
1.0837
1.08366
1.0837
1.08369
1.08366
1.08365
1.08366
1.08363
1.08365
1.08363
1.08363
1.08366
1.08366
1.08366
1.08365
1.08366
1.08366
1.08366
1.08366
1.08365
1.08366
1.08369
1.08369
1.08369
1.0837
1.08369
1.08369
1.08372
1.0837
1.0837
1.08373
1.08373
1.0837
1.08373
1.08372
1.08365
1.08363
1.08365
1.08366
1.08366
1.0837
1.08366
1.08366
1.08367
1.0837
1.0837
1.0837
1.08374
1.08372
1.08383
1.08382
1.0838
1.08373
1.08373
1.08372
1.08372
1.08373
1.0837
1.08374
1.08373
1.08376
1.08379
1.08383
1.08383
1.08386
1.08383
1.0838
1.0838
1.08379
1.08373
1.08373
1.08373
1.08373
1.0837
1.0837
1.0837
1.0837
1.08372
1.08372
1.08372
1.08366
1.0836
1.08362
1.08363
1.08363
1.08366
1.08365
1.08366
1.0837
1.0837
1.0837
1.08376
1.08376
1.08382
1.08384
1.08384
1.08383
1.08383
1.08383
1.08383
1.08383
1.08383
1.08383
1.08383
1.08384
1.08379
1.08376
1.08383
1.08386
1.0839
1.0839
1.0839
1.08391
1.08389
1.08384
1.0838
1.08382
1.08382
1.08382
1.08382
1.08373
1.08373
1.0837
1.0837
1.08369
1.08373
1.08373
1.08373
1.08373
1.08373
1.08374
1.08383
1.08382
1.08383
1.08382
1.0838
1.0838
1.08383
1.08383
1.08383
1.08382
1.08379
1.0838
1.0838
1.08379
1.0838
1.08389
1.0839
1.08396
1.08401
1.084
1.08399
1.08401
1.08403
1.084
1.08399
1.084
1.08399
1.08399
1.08397
1.08397
1.08397
1.08399
1.08397
1.08399
1.08399
1.08399
1.08399
1.08397
1.08393
1.08391
1.08389
1.08399
1.08403
1.084
1.084
1.084
1.084
1.08407
1.08403
1.08408
1.08403
1.08401
1.08401
1.084
1.084
1.08401
1.08401
1.08407
1.08407
1.08403
1.08403
1.08403
1.08401
1.08404
1.08407
1.08403
1.08403
1.08411
1.0841
1.0841
1.08408
1.0841
1.08408
1.08408
1.08408
1.08407
1.08408
1.08407
1.08408
1.08408
1.0841
1.08407
1.08408
1.08408
1.08408
1.08408
1.08413
1.08411
1.08411
1.08411
1.08413
1.08411
1.08411
1.08411
1.0841
1.08411
1.08413
1.08413
1.08411
1.0841
1.0841
1.0841
1.0841
1.0841
1.08408
1.0841
1.0841
1.08411
1.0841
1.0841
1.08408
1.0841
1.08411
1.0841
1.0841
1.08407
1.08408
1.0841
1.08408
1.08408
1.08408
1.08408
1.0841
1.08414
1.08414
1.08413
1.08417
1.08414
1.08414
1.08414
1.08414
1.08413
1.08414
1.08411
1.08413
1.08411
1.08411
1.08411
1.0841
1.0841
1.08408
1.08408
1.08408
1.0841
1.08408
1.0841
1.08408
1.0838
1.0838
1.0838
1.08373
1.0837
1.0837
1.08393
1.08401
1.08401
1.084
1.084
1.084
1.08408
1.08408
1.08407
1.08407
1.08403
1.08401
1.08403
1.0841
1.0841
1.08413
1.0841
1.08411
1.08411
1.08413
1.08414
1.08416
1.0841
1.08413
1.08411
1.0841
1.08408
1.0841
1.0841
1.0841
1.08414
1.08417
1.0843
1.08426
1.08424
1.08424
1.08421
1.08423
1.0842
1.0842
1.0842
1.08416
1.08417
1.08416
1.0842
1.0841
1.08414
1.08418
1.08418
1.08417
1.08417
1.08418
1.08418
1.08418
1.08416
1.08416
1.08418
1.08413
1.08411
1.08411
1.0841
1.08411
1.08414
1.08416
1.08417
1.08411
1.08413
1.08413
1.0841
1.08394
1.0839
1.08384
1.08382
1.08391
1.0839
1.08417
1.08416
1.08411
1.0841
1.08414
1.08413
1.08407
1.08407
1.08403
1.084
1.0841
1.0841
1.0841
1.08414
1.08414
1.08414
1.08414
1.08411
1.08418
1.08417
1.08414
1.08413
1.08414
1.08413
1.08414
1.08413
1.08413
1.08417
1.08416
1.08417
1.08414
1.08413
1.08411
1.08413
1.08413
1.0841
1.08411
1.0841
1.08413
1.08413
1.08408
1.08411
1.0841
1.0841
1.0841
1.08411
1.0841
1.08408
1.08408
1.08413
1.08413
1.08408
1.08408
1.08408
1.0841
1.08408
1.0841
1.08413
1.08411
1.08411
1.0841
1.0841
1.08411
1.08408
1.08414
1.08414
1.08414
1.08417
1.08434
1.08435
1.08433
1.0844
1.08438
1.08437
1.08435
1.08438
1.08431
1.08427
1.08426
1.08431
1.08431
1.08431
1.08434
1.08433
1.08431
1.08431
1.08437
1.08435
1.08437
1.08434
1.08444
1.08448
1.08448
1.08448
1.08444
1.08444
1.08452
1.08451
1.0845
1.08438
1.0844
1.08438
1.08441
1.08443
1.08441
1.0844
1.0844
1.08438
1.0844
1.0844
1.08438
1.08438
1.0844
1.08441
1.08441
1.08441
1.08433
1.08431
1.08437
1.08437
1.08437
1.08435
1.08434
1.08437
1.08434
1.08434
1.08434
1.08433
1.0843
1.08433
1.08434
1.08434
1.08434
1.08431
1.08431
1.0843
1.08424
1.08421
1.08421
1.08421
1.0842
1.08418
1.0842
1.0842
1.0842
1.08417
1.08417
1.08418
1.08417
1.08413
1.08414
1.08414
1.08414
1.08427
1.08427
1.08426
1.08428
1.08433
1.08431
1.08428
1.08421
1.08428
1.0843
1.08428
1.08428
1.0843
1.08428
1.08428
1.08428
1.08428
1.08427
1.08427
1.08427
1.08427
1.08421
1.0842
1.08423
1.08427
1.08428
1.08427
1.08427
1.08421
1.08417
1.08417
1.08418
1.0842
1.08418
1.0842
1.0842
1.08418
1.08414
1.08414
1.08413
1.08411
1.08408
1.08408
1.08408
1.0841
1.0841
1.0841
1.0841
1.0841
1.08428
1.08428
1.08428
1.08428
1.08424
1.08424
1.0843
1.08424
1.08423
1.08423
1.08423
1.08421
1.08413
1.08411
1.0841
1.08411
1.08411
1.08411
1.08414
1.08414
1.0842
1.0842
1.08426
1.08426
1.08423
1.08421
1.0842
1.08418
1.08416
1.08418
1.08417
1.08414
1.08414
1.08414
1.08411
1.08407
1.08407
1.08406
1.08403
1.08404
1.08403
1.08401
1.08384
1.08382
1.08365
1.08359
1.08357
1.0837
1.0837
1.08373
1.08373
1.08373
1.08373
1.0837
1.08363
1.08362
1.0836
1.08355
1.08357
1.0836
1.08369
1.08369
1.08366
1.0837
1.0837
1.08357
1.08355
1.08355
1.08359
1.08359
1.08357
1.08359
1.08357
1.08357
1.08359
1.08366
1.08366
1.08363
1.08359
1.08359
1.08363
1.08363
1.08365
1.0837
1.0837
1.0837
1.08369
1.0837
1.08373
1.08372
1.08372
1.0837
1.08372
1.0837
1.08369
1.08372
1.0837
1.08369
1.08365
1.08373
1.08373
1.08374
1.08376
1.0838
1.08379
1.08377
1.08376
1.08376
1.08373
1.08367
1.0837
1.08373
1.08373
1.08373
1.08369
1.08369
1.08366
1.08365
1.0837
1.0837
1.08369
1.0837
1.0837
1.08367
1.08366
1.08366
1.08369
1.08369
1.0837
1.0837
1.08369
1.08386
1.08386
1.08382
1.08386
1.08386
1.08386
1.08389
1.08386
1.08386
1.08386
1.08386
1.08384
1.08384
1.08386
1.08386
1.08384
1.08384
1.08382
1.08382
1.08383
1.0838
1.0838
1.0838
1.08362
1.08362
1.0836
1.0836
1.08362
1.08362
1.08362
1.08362
1.08359
1.08359
1.08357
1.08356
1.08357
1.08359
1.08357
1.08359
1.08357
1.0836
1.0836
1.08356
1.08356
1.08353
1.08352
1.08349
1.08349
1.08349
1.08349
1.08349
1.08347
1.08349
1.08355
1.08362
1.08359
1.08366
1.08353
1.08346
1.08349
1.08346
1.0835
1.08352
1.08349
1.08349
1.08349
1.08346
1.08349
1.0835
1.08349
1.08349
1.08347
1.0835
1.0835
1.08353
1.08353
1.08355
1.08356
1.0836
1.08359
1.08355
1.08356
1.08355
1.08357
1.08355
1.08353
1.08355
1.08359
1.08359
1.08359
1.0836
1.0836
1.08363
1.08357
1.08356
1.08359
1.0836
1.08359
1.08357
1.08363
1.08363
1.08362
1.0836
1.08362
1.08365
1.08363
1.08362
1.08363
1.08363
1.08366
1.08373
1.0838
1.08386
1.08386
1.08393
1.08393
1.08397
1.08404
1.08403
1.08404
1.08407
1.08407
1.08408
1.08407
1.08418
1.08427
1.0843
1.0843
1.08431
1.08431
1.08421
1.0842
1.08423
1.08423
1.08424
1.08424
1.08423
1.0842
1.08414
1.08414
1.08414
1.08417
1.08421
1.08418
1.0842
1.0842
1.0842
1.08418
1.0842
1.0842
1.08418
1.0842
1.08424
1.08423
1.08424
1.08434
1.08435
1.08435
1.0844
1.0844
1.0844
1.0844
1.0844
1.08441
1.08445
1.0845
1.0845
1.08444
1.08443
1.08443
1.08444
1.08444
1.0845
1.08462
1.08457
1.08461
1.0846
1.08461
1.08467
1.0846
1.08471
1.08465
1.08465
1.08468
1.08465
1.08467
1.08467
1.08465
1.08465
1.08465
1.08468
1.08469
1.08471
1.08471
1.08475
1.08487
1.08481
1.08478
1.08475
1.08475
1.08484
1.08487
1.08482
1.08484
1.08488
1.08484
1.08475
1.08474
1.08475
1.08472
1.08474
1.08475
1.08475
1.08474
1.08469
1.08472
1.08472
1.08472
1.08464
1.08464
1.08467
1.08461
1.08458
1.08461
1.08461
1.0846
1.08462
1.08468
1.08468
1.08471
1.08471
1.08471
1.08472
1.08469
1.08472
1.08472
1.08469
1.08469
1.08472
1.08472
1.08471
1.08469
1.08471
1.08471
1.08471
1.08474
1.08472
1.08471
1.08469
1.08454
1.08451
1.08451
1.08451
1.08448
1.08448
1.08451
1.0845
1.08451
1.08451
1.0845
1.08448
1.08451
1.08451
1.0845
1.08448
1.08448
1.0845
1.08448
1.08448
1.08454
1.08454
1.08451
1.08451
1.08454
1.08454
1.08451
1.08451
1.08448
1.08461
1.0846
1.08458
1.08458
1.08458
1.08457
1.08458
1.08458
1.08454
1.08451
1.08451
1.08451
1.08451
1.08451
1.08451
1.08455
1.08454
1.08455
1.08452
1.08452
1.08451
1.08452
1.08452
1.08452
1.08451
1.08452
1.08454
1.08452
1.08452
1.08458
1.08461
1.08461
1.0846
1.08458
1.08454
1.08451
1.08454
1.08448
1.08445
1.08445
1.08444
1.08445
1.08448
1.08451
1.0845
1.08451
1.08451
1.08451
1.08454
1.08452
1.08454
1.08452
1.08454
1.08454
1.08454
1.0846
1.0846
1.08461
1.0846
1.08462
1.08475
1.08478
1.08479
1.08478
1.08484
1.08482
1.08482
1.08481
1.08482
1.08481
1.08481
1.08479
1.08462
1.08462
1.08462
1.08461
1.08458
1.08458
1.08458
1.08458
1.08457
1.08458
1.0846
1.0846
1.0846
1.08458
1.08462
1.08462
1.08461
1.0846
1.0846
1.08461
1.08462
1.08462
1.08461
1.08462
1.08461
1.0846
1.0846
1.08462
1.08462
1.0846
1.08461
1.08461
1.08461
1.08461
1.08461
1.08461
1.08461
1.0846
1.0846
1.08457
1.08455
1.08454
1.08454
1.08451
1.08451
1.08452
1.08454
1.08452
1.08452
1.08451
1.08454
1.08454
1.0846
1.08461
1.0846
1.0846
1.0846
1.0846
1.08458
1.08457
1.08455
1.08455
1.08462
1.08462
1.08464
1.08464
1.0846
1.0846
1.0846
1.0846
1.0846
1.08461
1.0846
1.08461
1.0846
1.0846
1.08461
1.0846
1.0846
1.0846
1.0846
1.0846
1.0846
1.08455
1.08444
1.08444
1.08443
1.08441
1.0844
1.08437
1.0844
1.08441
1.08437
1.08441
1.08435
1.08435
1.08435
1.08431
1.08427
1.08428
1.08428
1.08426
1.08433
1.08433
1.08427
1.08427
1.08426
1.08427
1.08414
1.08414
1.08416
1.08414
1.08414
1.08414
1.08414
1.08403
1.08397
1.08403
1.08394
1.084
1.08396
1.08401
1.084
1.084
1.08399
1.08396
1.08394
1.084
1.08397
1.08401
1.084
1.084
1.08397
1.08397
1.08403
1.08414
1.08414
1.08417
1.08416
1.08416
1.08416
1.08416
1.08416
1.08416
1.08416
1.08416
1.08418
1.08417
1.08417
1.08417
1.08418
1.08416
1.08417
1.08417
1.08417
1.08424
1.08426
1.08426
1.08424
1.08431
1.08431
1.08431
1.08431
1.08433
1.08431
1.08434
1.08434
1.08431
1.08431
1.08433
1.08431
1.0844
1.08441
1.08448
1.08448
1.08458
1.08458
1.08458
1.08457
1.08454
1.08452
1.0845
1.08458
1.08458
1.08458
1.08458
1.08458
1.08464
1.08464
1.08462
1.08469
1.08468
1.08467
1.08469
1.08472
1.08478
1.08478
1.08478
1.08478
1.08474
1.08477
1.08478
1.08478
1.08478
1.08477
1.08475
1.08478
1.08474
1.08471
1.08461
1.08461
1.08458
1.08458
1.08464
1.08471
1.08471
1.08471
1.08471
1.08471
1.08469
1.08469
1.08469
1.08471
1.08471
1.08469
1.08468
1.08461
1.0846
1.08461
1.08461
1.08462
1.08461
1.08461
1.0846
1.08461
1.0846
1.0846
1.08461
1.0846
1.08461
1.08461
1.08461
1.08461
1.0846
1.08458
1.08461
1.08461
1.0846
1.08461
1.0846
1.0846
1.08458
1.08461
1.0846
1.08461
1.08458
1.08458
1.08455
1.08457
1.08457
1.08461
1.08461
1.0846
1.0846
1.0846
1.08461
1.08461
1.0846
1.08461
1.0846
1.08461
1.0846
1.08457
1.08452
1.08451
1.08452
1.08452
1.08451
1.08451
1.08451
1.08451
1.08451
1.0845
1.08451
1.08451
1.08451
1.08452
1.08454
1.08452
1.08454
1.08451
1.08452
1.08452
1.08462
1.08471
1.08471
1.08471
1.08471
1.08469
1.08471
1.08469
1.08471
1.08469
1.08468
1.08471
1.08471
1.08468
1.08464
1.08469
1.08469
1.08469
1.08469
1.08469
1.08471
1.08471
1.08481
1.08478
1.08479
1.08478
1.08475
1.08478
1.08479
1.08478
1.08478
1.08478
1.08478
1.08478
1.08478
1.08479
1.08479
1.08478
1.08477
1.08478
1.08479
1.08478
1.08478
1.08478
1.08484
1.08482
1.08482
1.08482
1.08481
1.08481
1.08478
1.08479
1.08479
1.08478
1.08475
1.08471
1.08471
1.08468
1.08471
1.08471
1.08471
1.08469
1.08469
1.08468
1.08462
1.08461
1.08462
1.08461
1.08462
1.0846
1.08461
1.0846
1.0846
1.0846
1.0846
1.08461
1.08461
1.08461
1.08461
1.0846
1.0846
1.08464
1.08464
1.08461
1.0846
1.08461
1.08461
1.0846
1.08461
1.08461
1.08462
1.08461
1.0846
1.08458
1.08455
1.08454
1.08458
1.0846
1.08458
1.08455
1.08454
1.08454
1.08452
1.08451
1.0845
1.0845
1.0845
1.0845
1.0845
1.0845
1.08451
1.0845
1.08448
1.08448
1.0845
1.0845
1.0845
1.08448
1.0845
1.08451
1.0845
1.08448
1.08451
1.08451
1.08451
1.08451
1.08451
1.08451
1.0845
1.08451
1.08452
1.08451
1.08451
1.0845
1.0845
1.0845
1.08451
1.08452
1.08452
1.08451
1.08451
1.08451
1.08451
1.08451
1.0845
1.08451
1.0845
1.0845
1.0845
1.08451
1.08451
1.0845
1.08451
1.08451
1.0845
1.08448
1.08448
1.08448
1.08443
1.08445
1.08444
1.08441
1.08441
1.08441
1.08441
1.08441
1.08441
1.08441
1.08441
1.08441
1.08441
1.0844
1.0844
1.08445
1.08447
1.08447
1.08448
1.08444
1.08444
1.08444
1.08444
1.08444
1.08447
1.08447
1.08447
1.08444
1.08444
1.08441
1.0844
1.0844
1.08441
1.08444
1.08444
1.08444
1.08443
1.08441
1.08444
1.08443
1.08443
1.08441
1.08443
1.08441
1.08441
1.08441
1.08441
1.08441
1.0844
1.08441
1.0844
1.08438
1.08435
1.08441
1.08437
1.08438
1.08441
1.08443
1.0844
1.0844
1.08438
1.0844
1.08441
1.08443
1.08443
1.08441
1.08441
1.08441
1.08441
1.08441
1.08441
1.0844
1.08444
1.08444
1.08445
1.08445
1.08445
1.08444
1.08443
1.08443
1.08444
1.08444
1.08445
1.08441
1.08443
1.08444
1.08444
1.08444
1.08441
1.08443
1.08441
1.08443
1.08441
1.08443
1.08443
1.08444
1.08441
1.08444
1.08441
1.08444
1.08441
1.08441
1.08443
1.08443
1.08441
1.08441
1.08441
1.08441
1.08441
1.08441
1.08441
1.08441
1.08441
1.08441
1.08441
1.08438
1.0844
1.08438
1.08441
1.08443
1.08444
1.08451
1.08462
1.08464
1.08465
1.08474
1.08471
1.08471
1.08471
1.08471
1.08471
1.08451
1.08452
1.08454
1.08454
1.08457
1.08457
1.08457
1.08455
1.08457
1.08461
1.08461
1.08461
1.08461
1.08461
1.08458
1.0846
1.08461
1.0846
1.08455
1.08454
1.08452
1.08452
1.08454
1.08454
1.08454
1.08454
1.08454
1.08454
1.08454
1.08454
1.08454
1.08454
1.08454
1.08454
1.08454
1.08452
1.08452
1.08451
1.08451
1.08451
1.08452
1.08452
1.08452
1.08452
1.08451
1.08451
1.08452
1.08452
1.08452
1.08454
1.08458
1.08458
1.08458
1.08458
1.08458
1.08461
1.0846
1.0846
1.0846
1.08458
1.08458
1.08468
1.08468
1.08467
1.08467
1.08465
1.08465
1.08464
1.08465
1.08465
1.08465
1.08465
1.08464
1.08465
1.08468
1.08464
1.08468
1.08465
1.08467
1.08465
1.08468
1.08467
1.08465
1.08469
1.08468
1.08468
1.08468
1.08468
1.08467
1.08468
1.08468
1.08467
1.08468
1.08468
1.08469
1.08468
1.08468
1.08468
1.08469
1.08472
1.08472
1.08471
1.08474
1.08472
1.08471
1.08478
1.08479
1.08482
1.08484
1.08494
1.08491
1.08485
1.08487
1.08487
1.08491
1.08492
1.08492
1.08492
1.08489
1.08481
1.08482
1.08484
1.08491
1.08492
1.08492
1.08494
1.08491
1.08491
1.08495
1.08495
1.08495
1.08495
1.08492
1.08492
1.08494
1.08494
1.08492
1.08492
1.08498
1.08499
1.08499
1.08498
1.08494
1.08495
1.08494
1.08495
1.08495
1.08495
1.08498
1.08499
1.08498
1.08499
1.08502
1.08498
1.08496
1.08495
1.08492
1.08492
1.08492
1.08492
1.08492
1.08495
1.08492
1.08492
1.08492
1.08495
1.08495
1.08495
1.08495
1.08492
1.08492
1.08495
1.08495
1.08492
1.08491
1.08491
1.08492
1.08492
1.08492
1.08495
1.08492
1.08489
1.08491
1.08489
1.08491
1.08498
1.08498
1.08495
1.08499
1.08501
1.08505
1.08508
1.08508
1.08511
1.08511
1.08518
1.08513
1.08513
1.08512
1.08505
1.08502
1.08509
1.08509
1.08509
1.08509
1.08512
1.08511
1.08512
1.08511
1.08512
1.08512
1.08515
1.08515
1.08516
1.08519
1.08518
1.08512
1.08515
1.08516
1.08516
1.08515
1.08513
1.08515
1.08519
1.08515
1.08513
1.08519
1.08518
1.08512
1.08512
1.08512
1.08512
1.08512
1.08512
1.08515
1.08513
1.08509
1.08509
1.08509
1.08516
1.08515
1.08513
1.08518
1.08519
1.08519
1.08519
1.08519
1.08522
1.08521
1.08519
1.08519
1.08518
1.08515
1.08515
1.08519
1.08519
1.08519
1.08521
1.08521
1.08519
1.08522
1.08519
1.08515
1.08513
1.08515
1.08513
1.08512
1.08512
1.08509
1.08511
1.08511
1.08512
1.08512
1.08509
1.08509
1.08512
1.08512
1.08513
1.08513
1.08518
1.08518
1.08518
1.08518
1.08516
1.08519
1.08516
1.08518
1.08518
1.08516
1.08505
1.08505
1.08508
1.08502
1.08502
1.08502
1.08498
1.08498
1.08496
1.08498
1.08501
1.08498
1.08496
1.08492
1.08489
1.08489
1.08488
1.08495
1.08494
1.08502
1.08505
1.08502
1.08502
1.08504
1.08504
1.08504
1.08506
1.08506
1.08506
1.08511
1.08511
1.08509
1.08509
1.08509
1.08509
1.08511
1.08509
1.08511
1.08511
1.08511
1.08511
1.08511
1.08505
1.08505
1.08504
1.08505
1.08498
1.08498
1.08499
1.08498
1.08498
1.08499
1.08499
1.08498
1.08498
1.08495
1.08495
1.08498
1.08498
1.08496
1.08498
1.08496
1.08498
1.08495
1.08495
1.08495
1.08494
1.08495
1.08494
1.08494
1.08494
1.08494
1.08494
1.08495
1.08498
1.08495
1.08498
1.08501
1.08499
1.08499
1.08502
1.08498
1.08494
1.08495
1.08495
1.08495
1.08495
1.08494
1.08495
1.08502
1.08502
1.08498
1.08499
1.08498
1.08498
1.08495
1.08496
1.08496
1.08495
1.08501
1.08501
1.08502
1.08502
1.08502
1.08502
1.08502
1.08502
1.08502
1.08498
1.08495
1.08495
1.08494
1.08488
1.08485
1.08485
1.08485
1.08485
1.08481
1.08479
1.08478
1.08478
1.08474
1.08471
1.08469
1.08471
1.08471
1.08471
1.08474
1.08468
1.08469
1.08471
1.08469
1.08469
1.08468
1.0846
1.08458
1.08462
1.08464
1.08462
1.08464
1.08472
1.08471
1.08471
1.08468
1.08461
1.08458
1.08461
1.0846
1.08461
1.08458
1.08457
1.08458
1.08458
1.08457
1.08461
1.08462
1.08462
1.08471
1.08479
1.08478
1.08475
1.08471
1.08475
1.08474
1.08474
1.08474
1.08474
1.08475
1.08475
1.08474
1.08474
1.08474
1.08474
1.08475
1.08475
1.08475
1.08474
1.08481
1.08485
1.08485
1.08487
1.08485
1.08489
1.08492
1.08492
1.08494
1.08495
1.08495
1.08495
1.08494
1.08492
1.08494
1.08492
1.08489
1.08488
1.08489
1.08492
1.08492
1.08492
1.08494
1.08494
1.08495
1.08494
1.08494
1.08494
1.08492
1.08492
1.08492
1.08495
1.08495
1.08495
1.08495
1.08494
1.08494
1.08495
1.08495
1.08494
1.08495
1.08495
1.08496
1.08496
1.08504
1.08504
1.08502
1.08499
1.08495
1.08495
1.08498
1.08501
1.08501
1.08502
1.08501
1.08502
1.08502
1.08502
1.08502
1.08501
1.08496
1.08495
1.08495
1.08495
1.08495
1.08495
1.08496
1.08494
1.08494
1.08495
1.08494
1.08492
1.08494
1.08494
1.08492
1.08492
1.08498
1.08502
1.08501
1.08502
1.08502
1.08502
1.08504
1.08504
1.08504
1.08505
1.08509
1.08511
1.08509
1.08509
1.08511
1.08509
1.08506
1.08509
1.08509
1.08508
1.08508
1.08504
1.08505
1.08504
1.08502
1.08502
1.08504
1.08505
1.08508
1.08509
1.08509
1.08509
1.08512
1.08513
1.08512
1.08512
1.08512
1.08512
1.08512
1.08512
1.08512
1.08512
1.08512
1.08515
1.08513
1.08512
1.08512
1.08512
1.08512
1.08512
1.08513
1.08513
1.08512
1.08512
1.08512
1.08512
1.08511
1.08512
1.08512
1.08512
1.08504
1.08505
1.08504
1.08504
1.08505
1.08505
1.08504
1.08504
1.08502
1.08499
1.08501
1.08501
1.08501
1.08501
1.08501
1.08499
1.08499
1.08499
1.08501
1.08499
1.08499
1.08501
1.08499
1.08495
1.08494
1.08494
1.08498
1.08498
1.08502
1.08498
1.08499
1.08501
1.08501
1.08505
1.08509
1.08506
1.08502
1.08504
1.08505
1.08512
1.08516
1.08516
1.08515
1.08515
1.08515
1.08515
1.08515
1.08513
1.08515
1.08513
1.08515
1.08516
1.08516
1.08519
1.08518
1.08515
1.08515
1.08516
1.08516
1.08515
1.08515
1.08516
1.08515
1.08515
1.08512
1.08515
1.08513
1.08515
1.08516
1.08516
1.08519
1.08515
1.08515
1.08515
1.08515
1.08511
1.08509
1.08509
1.08509
1.08509
1.08509
1.08508
1.08508
1.08502
1.08502
1.08502
1.08502
1.08502
1.08504
1.08502
1.08502
1.08502
1.08502
1.08504
1.08502
1.08502
1.08502
1.08502
1.08504
1.08504
1.08504
1.08504
1.08501
1.08498
1.08501
1.08501
1.08501
1.08502
1.08502
1.08499
1.08499
1.08501
1.08501
1.08502
1.08499
1.08499
1.08499
1.08499
1.08499
1.08499
1.08499
1.08498
1.08491
1.08491
1.08489
1.08491
1.08491
1.08491
1.08491
1.08491
1.08492
1.08491
1.08489
1.08489
1.08488
1.08489
1.08489
1.08494
1.08494
1.08491
1.08488
1.08488
1.08487
1.08488
1.08485
1.08487
1.08487
1.08487
1.08489
1.08489
1.08485
1.08485
1.08488
1.08487
1.08487
1.08487
1.08487
1.08485
1.08485
1.08485
1.08485
1.08487
1.08485
1.08487
1.08487
1.08487
1.08484
1.08478
1.08479
1.08479
1.08477
1.08477
1.08478
1.08475
1.08475
1.08475
1.08475
1.08475
1.08475
1.08475
1.08478
1.08479
1.08478
1.08482
1.08481
1.08481
1.08481
1.08479
1.08478
1.08475
1.08475
1.08475
1.08475
1.08481
1.08479
1.08481
1.08475
1.08479
1.08481
1.08479
1.08477
1.08475
1.08475
1.08475
1.08475
1.08475
1.08475
1.08469
1.08467
1.08465
1.08471
1.08477
1.08478
1.08479
1.08479
1.08489
1.08492
1.08488
1.08489
1.08488
1.08491
1.08489
1.08491
1.08494
1.08495
1.08494
1.08495
1.08492
1.08495
1.08499
1.08496
1.08495
1.08495
1.08495
1.08495
1.08494
1.08492
1.08491
1.08492
1.08492
1.08492
1.08489
1.08489
1.08491
1.08492
1.08492
1.08489
1.08485
1.08484
1.08485
1.08485
1.08485
1.08482
1.08481
1.08481
1.08481
1.08481
1.08482
1.08481
1.08482
1.08485
1.08485
1.08484
1.08485
1.08484
1.08484
1.08482
1.08478
1.08478
1.08478
1.08477
1.08472
1.08478
1.08475
1.08475
1.08474
1.08475
1.08478
1.08478
1.08478
1.08478
1.08478
1.08478
1.08478
1.08478
1.08478
1.08478
1.08478
1.08475
1.08478
1.08478
1.08478
1.08478
1.08478
1.08481
1.08485
1.08485
1.08485
1.08485
1.08485
1.08488
1.08488
1.08485
1.08485
1.08485
1.08488
1.08488
1.08488
1.08488
1.08488
1.08488
1.08491
1.08491
1.08491
1.08491
1.08488
1.08487
1.08485
1.08485
1.08484
1.08482
1.08481
1.08481
1.08479
1.08481
1.08479
1.08481
1.08481
1.08481
1.08482
1.08481
1.08482
1.08481
1.08488
1.08491
1.08491
1.08492
1.08492
1.08491
1.08491
1.08491
1.08487
1.08481
1.08482
1.08477
1.08471
1.08471
1.08471
1.08465
1.08472
1.08472
1.08475
1.08474
1.08474
1.08475
1.08475
1.08474
1.08475
1.08475
1.08468
1.08468
1.08468
1.08468
1.08468
1.08468
1.08469
1.08471
1.08471
1.08471
1.08471
1.08471
1.08471
1.08471
1.08474
1.08474
1.08475
1.08475
1.08475
1.08475
1.08475
1.08474
1.08475
1.08471
1.08468
1.08471
1.08471
1.08471
1.08471
1.08472
1.08472
1.08472
1.08475
1.08484
1.08484
1.08481
1.08481
1.08481
1.08478
1.08478
1.08477
1.08481
1.08481
1.08475
1.08479
1.08481
1.08481
1.08481
1.08481
1.08481
1.08481
1.08481
1.08482
1.08481
1.08481
1.08481
1.08478
1.08478
1.08478
1.08477
1.08477
1.08477
1.08478
1.08475
1.08477
1.08475
1.08469
1.08468
1.08468
1.08464
1.08464
1.08461
1.08458
1.08457
1.08457
1.08458
1.08454
1.08455
1.08458
1.08458
1.08458
1.08455
1.08454
1.08454
1.08454
1.08454
1.08454
1.0846
1.0846
1.08461
1.08458
1.08458
1.08455
1.08455
1.08457
1.08457
1.08455
1.0846
1.0846
1.08457
1.08455
1.08455
1.08458
1.08457
1.08455
1.08455
1.08455
1.08455
1.08455
1.08455
1.08455
1.08452
1.08454
1.08455
1.08454
1.08458
1.0846
1.08461
1.0846
1.08461
1.08458
1.08458
1.08455
1.08458
1.08455
1.08455
1.08455
1.08455
1.08455
1.08458
1.08455
1.08458
1.08455
1.08458
1.08455
1.08455
1.08454
1.08458
1.08458
1.08458
1.08458
1.08458
1.08458
1.08455
1.08458
1.08461
1.08461
1.08461
1.08461
1.08461
1.08462
1.08462
1.08462
1.08464
1.08457
1.08455
1.08454
1.08455
1.08454
1.08454
1.08454
1.08454
1.08454
1.08455
1.08454
1.08454
1.08454
1.08454
1.08458
1.08455
1.08454
1.08454
1.08457
1.08455
1.08457
1.0846
1.0846
1.08458
1.08457
1.08457
1.08458
1.08458
1.0846
1.08458
1.08457
1.08458
1.08458
1.08457
1.08457
1.08457
1.08454
1.08452
1.08454
1.08452
1.08454
1.08452
1.08451
1.08451
1.08451
1.08451
1.08451
1.08441
1.08441
1.08447
1.0845
1.08445
1.08443
1.08443
1.08443
1.08443
1.08443
1.08441
1.08443
1.08443
1.08443
1.08435
1.08437
1.08441
1.08438
1.0844
1.0844
1.08451
1.08451
1.08452
1.08458
1.08458
1.08461
1.08455
1.08454
1.08452
1.08452
1.08452
1.08452
1.08454
1.08454
1.08454
1.08454
1.08454
1.08451
1.08445
1.08445
1.08445
1.08444
1.08444
1.08441
1.08438
1.0844
1.08438
1.0844
1.0844
1.0844
1.0844
1.08438
1.0844
1.08441
1.0844
1.0844
1.08441
1.08438
1.08441
1.08438
1.08437
1.08437
1.08437
1.08437
1.08435
1.08435
1.08435
1.08435
1.08435
1.08434
1.08431
1.08433
1.08434
1.08434
1.08431
1.08431
1.08431
1.08431
1.08431
1.08431
1.08433
1.08431
1.08431
1.08431
1.0843
1.08424
1.08424
1.08424
1.08426
1.08424
1.08423
1.08423
1.08423
1.0842
1.0842
1.0842
1.0842
1.0842
1.08418
1.0842
1.08418
1.0842
1.0842
1.08417
1.08417
1.08417
1.08418
1.08418
1.08418
1.08424
1.08421
1.08424
1.08424
1.08424
1.08424
1.08427
1.08427
1.08427
1.08426
1.08426
1.0843
1.08428
1.08431
1.0843
1.08428
1.0843
1.08428
1.0843
1.08428
1.08428
1.08431
1.08431
1.08431
1.08431
1.08427
1.08427
1.08427
1.08427
1.08427
1.08427
1.08433
1.08433
1.08434
1.08434
1.08434
1.08434
1.08434
1.08434
1.08434
1.08434
1.08437
1.08437
1.08435
1.08437
1.08437
1.08437
1.08437
1.08435
1.08441
1.08445
1.08443
1.08443
1.08443
1.08451
1.08451
1.08451
1.08451
1.08448
1.08448
1.0845
1.08448
1.08448
1.08445
1.0845
1.08448
1.08448
1.0845
1.08448
1.08448
1.08448
1.08448
1.08448
1.08448
1.08448
1.08448
1.08448
1.0845
1.08451
1.08451
1.08458
1.08458
1.08461
1.08457
1.08455
1.08455
1.08448
1.08448
1.08448
1.08447
1.08447
1.08447
1.08448
1.08447
1.08447
1.08445
1.08447
1.08447
1.08448
1.08447
1.0845
1.0845
1.08457
1.08457
1.08458
1.08462
1.08464
1.08462
1.08465
1.08461
1.08458
1.08461
1.08458
1.08458
1.0846
1.08457
1.08458
1.08458
1.08458
1.08458
1.08458
1.08458
1.08458
1.08458
1.0846
1.08458
1.08461
1.08461
1.08468
1.08467
1.08467
1.08467
1.08464
1.08464
1.08462
1.08465
1.08467
1.08467
1.08469
1.08468
1.08468
1.08468
1.08468
1.08468
1.08469
1.08468
1.08468
1.08468
1.08468
1.08468
1.08467
1.08465
1.08464
1.08461
1.08467
1.08464
1.08465
1.08464
1.08462
1.08462
1.08461
1.08458
1.0846
1.08464
1.08464
1.08465
1.08464
1.08464
1.08464
1.08462
1.08464
1.08464
1.08464
1.08464
1.08461
1.08461
1.08462
1.08461
1.08461
1.08465
1.08465
1.08465
1.08467
1.08465
1.08465
1.08467
1.08467
1.08464
1.08464
1.08464
1.08465
1.08465
1.08465
1.08467
1.08467
1.08464
1.08465
1.08465
1.08462
1.08462
1.08461
1.08464
1.08464
1.08465
1.08474
1.08475
1.08471
1.08471
1.08475
1.08475
1.08468
1.08468
1.08467
1.08468
1.08471
1.08469
1.08465
1.08465
1.08468
1.08467
1.08468
1.08468
1.08468
1.08468
1.08477
1.08474
1.08479
1.08479
1.08478
1.08484
1.08481
1.08478
1.08477
1.08479
1.08484
1.08484
1.08482
1.08484
1.08484
1.08485
1.08484
1.08482
1.08485
1.08485
1.08485
1.08485
1.08485
1.08478
1.08475
1.08475
1.08475
1.08477
1.08475
1.08475
1.08477
1.08477
1.08477
1.08477
1.08478
1.08478
1.08478
1.08478
1.08478
1.08477
1.08478
1.08478
1.08475
1.08475
1.08475
1.08475
1.08475
1.08475
1.08482
1.08484
1.08479
1.08479
1.08482
1.08482
1.08482
1.08484
1.08482
1.08478
1.08478
1.08481
1.08481
1.08479
1.08478
1.08477
1.08477
1.08478
1.08481
1.08481
1.08478
1.08479
1.08479
1.08479
1.08479
1.08481
1.08478
1.08478
1.08478
1.08478
1.08479
1.08479
1.08481
1.08479
1.08478
1.08478
1.08478
1.08478
1.08478
1.08482
1.08484
1.08485
1.08482
1.08482
1.08484
1.08484
1.08482
1.08481
1.08485
1.08485
1.08485
1.08484
1.08475
1.08474
1.08471
1.08471
1.08472
1.08474
1.08474
1.08474
1.08472
1.08477
1.08478
1.08478
1.08478
1.08478
1.08478
1.08475
1.08475
1.08475
1.08475
1.08475
1.08475
1.08471
1.08471
1.08465
1.08465
1.08465
1.08468
1.08467
1.08471
1.08474
1.08471
1.08471
1.08465
1.08465
1.08465
1.08464
1.08464
1.08464
1.08464
1.08464
1.08464
1.08464
1.08464
1.08464
1.08458
1.08457
1.08454
1.08457
1.08455
1.08455
1.08455
1.08455
1.08461
1.08464
1.08464
1.08462
1.08461
1.08458
1.08462
1.08462
1.08464
1.08464
1.08464
1.08464
1.08464
1.08464
1.08464
1.08462
1.08462
1.08458
1.08455
1.08458
1.08455
1.08455
1.08457
1.08457
1.08458
1.08457
1.08457
1.08455
1.08455
1.08454
1.08454
1.08454
1.08452
1.08452
1.08452
1.08454
1.08454
1.08454
1.08454
1.08454
1.08454
1.08454
1.08454
1.08452
1.08441
1.08441
1.0844
1.08441
1.08437
1.0844
1.08438
1.08438
1.08441
1.08441
1.0844
1.08441
1.0844
1.0844
1.0844
1.08443
1.08441
1.08441
1.08441
1.08441
1.0844
1.0844
1.08441
1.08441
1.08441
1.08441
1.08441
1.08441
1.08441
1.08461
1.08471
1.08469
1.08471
1.08474
1.08474
1.08472
1.08469
1.08468
1.08472
1.08474
1.08472
1.08471
1.08472
1.08472
1.08469
1.08465
1.08464
1.08465
1.08465
1.08472
1.08472
1.08469
1.08471
1.08471
1.08471
1.08472
1.08474
1.08471
1.08474
1.08469
1.08468
1.08467
1.08468
1.08468
1.08467
1.08472
1.08472
1.08478
1.08481
1.08481
1.08482
1.08481
1.08482
1.08478
1.08487
1.08488
1.08475
1.08475
1.08477
1.08478
1.08478
1.08478
1.08478
1.08481
1.08481
1.08478
1.08478
1.08477
1.08481
1.08475
1.08478
1.08475
1.08474
1.08471
1.08471
1.08472
1.08472
1.08474
1.08472
1.08471
1.08474
1.08478
1.08478
1.08478
1.08477
1.08477
1.08475
1.08474
1.08475
1.08475
1.08475
1.08477
1.08475
1.08477
1.08475
1.08475
1.08475
1.08475
1.08475
1.08475
1.08475
1.08475
1.08475
1.08477
1.08477
1.08477
1.08475
1.08475
1.08475
1.08475
1.08477
1.08478
1.08477
1.08477
1.08479
1.08481
1.08484
1.08485
1.08485
1.08485
1.08485
1.08485
1.08485
1.08488
1.08494
1.08495
1.08496
1.08498
1.08496
1.08496
1.08496
1.08496
1.08495
1.08495
1.08491
1.08488
1.08482
1.08477
1.08478
1.08478
1.08478
1.08478
1.08479
1.08478
1.08478
1.08477
1.08478
1.08477
1.08477
1.08478
1.08478
1.08477
1.08477
1.08477
1.08477
1.08478
1.08478
1.08477
1.08471
1.08471
1.08471
1.08471
1.08471
1.08471
1.08469
1.08471
1.08474
1.08475
1.08472
1.08471
1.08471
1.08471
1.08471
1.08471
1.08471
1.08471
1.08471
1.08471
1.08471
1.08471
1.08471
1.08471
1.08471
1.08475
1.08475
1.08479
1.08484
1.08489
1.08488
1.08488
1.08487
1.08487
1.08488
1.08488
1.08488
1.08488
1.08488
1.08488
1.08492
1.08492
1.08494
1.08495
1.08495
1.08498
1.08498
1.08498
1.08498
1.08498
1.08496
1.08498
1.08498
1.08506
1.08509
1.08508
1.08512
1.08511
1.08508
1.08506
1.08506
1.08506
1.08509
1.08509
1.08508
1.08508
1.08508
1.08508
1.08508
1.08508
1.08508
1.08508
1.08509
1.08505
1.08506
1.08508
1.08508
1.08505
1.08504
1.08504
1.08505
1.08505
1.08505
1.08505
1.08509
1.08509
1.08509
1.08509
1.08509
1.08509
1.08509
1.08509
1.08509
1.08509
1.08515
1.08513
1.08513
1.08519
1.08522
1.08521
1.08521
1.08519
1.08519
1.08519
1.08519
1.08519
1.08513
1.08515
1.08513
1.08513
1.08515
1.08513
1.08512
1.08512
1.08509
1.08509
1.08505
1.08498
1.08498
1.08496
1.08498
1.08498
1.08501
1.08499
1.08496
1.08498
1.08504
1.08505
1.08504
1.08502
1.08501
1.08499
1.08495
1.08495
1.08498
1.08496
1.08496
1.08495
1.08496
1.08496
1.08495
1.08485
1.08475
1.08474
1.08477
1.08464
1.08462
1.08467
1.08464
1.08467
1.08468
1.08468
1.08467
1.08468
1.08461
1.08461
1.08464
1.08467
1.08468
1.08468
1.08475
1.08474
1.08481
1.08478
1.08479
1.08482
1.08487
1.08492
1.08492
1.08492
1.08495
1.08495
1.08492
1.08499
1.08498
1.08498
1.08485
1.08488
1.08488
1.08478
1.08472
1.08468
1.08468
1.08472
1.08477
1.08472
1.08469
1.08471
1.08469
1.08472
1.08474
1.08475
1.08482
1.08479
1.08479
1.08479
1.08477
1.08478
1.08481
1.08477
1.08477
1.08482
1.08482
1.08481
1.08485
1.08489
1.08495
1.08494
1.08492
1.08489
1.08488
1.08494
1.08498
1.08501
1.08496
1.08512
1.08525
1.08535
1.08535
1.08532
1.08535
1.08536
1.08533
1.08533
1.0853
1.0853
1.08532
1.08532
1.08536
1.08538
1.08548
1.08543
1.08542
1.08535
1.08529
1.08535
1.08535
1.08538
1.08538
1.08538
1.08538
1.08532
1.08532
1.08529
1.08529
1.08532
1.08529
1.08529
1.0853
1.08532
1.08529
1.08529
1.08529
1.08528
1.0853
1.08532
1.08529
1.08525
1.08528
1.08529
1.08529
1.08532
1.08535
1.08532
1.08529
1.08529
1.08525
1.08525
1.08525
1.08525
1.0853
1.08532
1.0853
1.08535
1.08532
1.08532
1.08536
1.08535
1.08542
1.0854
1.08542
1.08538
1.08538
1.08533
1.08536
1.08539
1.08536
1.08539
1.08539
1.08539
1.08539
1.08545
1.08542
1.08539
1.08539
1.08535
1.08532
1.0853
1.08526
1.08519
1.08523
1.08522
1.08519
1.08519
1.08511
1.08509
1.08509
1.08509
1.08509
1.08508
1.08509
1.08509
1.08509
1.08508
1.08505
1.08504
1.08509
1.08508
1.08512
1.08513
1.08513
1.08512
1.08512
1.08516
1.08516
1.08515
1.08515
1.08515
1.08515
1.08515
1.08518
1.08519
1.08521
1.08529
1.0853
1.08535
1.08539
1.08536
1.08532
1.08539
1.08538
1.08538
1.08539
1.08538
1.08536
1.08532
1.08529
1.08529
1.08529
1.08526
1.08522
1.08523
1.08522
1.08522
1.08522
1.08523
1.08536
1.08536
1.08536
1.08536
1.08533
1.08533
1.08536
1.08536
1.08536
1.08536
1.08533
1.08536
1.08535
1.08536
1.08536
1.08538
1.08539
1.08539
1.08538
1.08533
1.08532
1.08535
1.08536
1.08532
1.08536
1.08539
1.08539
1.08546
1.08545
1.08545
1.08542
1.08542
1.08546
1.08548
1.08548
1.08556
1.08555
1.0856
1.08559
1.08565
1.08562
1.08563
1.08563
1.08552
1.08552
1.08552
1.08546
1.08542
1.08529
1.08529
1.08528
1.08522
1.08519
1.08518
1.08532
1.08528
1.08522
1.08525
1.08518
1.08522
1.08519
1.08512
1.08516
1.08515
1.08515
1.08512
1.08509
1.08509
1.08508
1.08509
1.08506
1.08506
1.08508
1.08511
1.08509
1.08505
1.08502
1.08498
1.08499
1.08499
1.08498
1.08496
1.08498
1.08498
1.08481
1.08485
1.08482
1.08484
1.08485
1.08494
1.08492
1.08488
1.08494
1.08494
1.08498
1.08498
1.08496
1.08498
1.08499
1.08499
1.08501
1.08505
1.08505
1.08504
1.08502
1.08506
1.08502
1.08502
1.08501
1.08492
1.08496
1.08496
1.08499
1.08505
1.08505
1.08504
1.08509
1.08509
1.08504
1.08504
1.08505
1.08505
1.08506
1.08509
1.08509
1.08505
1.08509
1.08518
1.08522
1.08519
1.08519
1.08513
1.08512
1.08512
1.08513
1.08513
1.08512
1.08513
1.08513
1.08513
1.08505
1.08496
1.08487
1.08488
1.08485
1.08482
1.08485
1.08485
1.08478
1.08477
1.08478
1.08479
1.08478
1.08475
1.08477
1.08477
1.08471
1.08468
1.08464
1.08468
1.08464
1.08461
1.08457
1.08454
1.08458
1.08455
1.08468
1.08471
1.08471
1.08471
1.08471
1.08464
1.08469
1.08469
1.08471
1.08471
1.08475
1.08474
1.08475
1.08475
1.08479
1.08479
1.08479
1.08464
1.08461
1.0846
1.08457
1.08454
1.08454
1.08455
1.08451
1.08447
1.08454
1.08458
1.08458
1.08454
1.08462
1.08464
1.08462
1.08474
1.08474
1.08472
1.08472
1.08472
1.08469
1.08462
1.08458
1.0846
1.08458
1.08452
1.08461
1.08462
1.08458
1.08458
1.0846
1.08468
1.08474
1.08475
1.08478
1.08478
1.08475
1.08472
1.08472
1.08472
1.08472
1.08472
1.08474
1.08474
1.08474
1.08474
1.08468
1.08461
1.08458
1.08465
1.08468
1.08464
1.08461
1.08462
1.08465
1.08467
1.08474
1.08474
1.08472
1.08467
1.08461
1.08461
1.08457
1.08454
1.08458
1.08458
1.08462
1.08461
1.08464
1.08462
1.08461
1.08461
1.08462
1.08462
1.08462
1.08464
1.08464
1.08464
1.08462
1.08461
1.08462
1.08464
1.08468
1.08464
1.08462
1.08464
1.08464
1.08461
1.08464
1.08461
1.08454
1.08454
1.08454
1.08454
1.08454
1.08457
1.08461
1.08458
1.08458
1.08457
1.08457
1.08461
1.08461
1.0846
1.0846
1.08461
1.08461
1.08461
1.08461
1.08458
1.08474
1.08478
1.08478
1.08484
1.08481
1.08481
1.08481
1.08479
1.08479
1.08478
1.08477
1.08474
1.08472
1.08468
1.08465
1.0846
1.08464
1.08461
1.08462
1.08461
1.08461
1.08462
1.08461
1.08461
1.08462
1.08471
1.08471
1.08468
1.08468
1.08468
1.08471
1.08471
1.08471
1.08471
1.08471
1.08468
1.08468
1.08468
1.08472
1.08468
1.08464
1.08457
1.08461
1.08461
1.08461
1.08461
1.08461
1.08458
1.08458
1.08458
1.08458
1.08457
1.08454
1.08454
1.08455
1.08451
1.08451
1.08451
1.08452
1.08452
1.08454
1.08448
1.08448
1.08454
1.08448
1.08448
1.08444
1.0845
1.08451
1.08464
1.08462
1.08464
1.0846
1.08458
1.0846
1.08458
1.08458
1.08457
1.08451
1.0845
1.08448
1.08448
1.08448
1.08448
1.08448
1.08444
1.08444
1.08431
1.08431
1.08434
1.08433
1.08428
1.0843
1.0844
1.08438
1.08444
1.08451
1.0845
1.08451
1.08448
1.08448
1.08447
1.08447
1.08444
1.08444
1.0845
1.08451
1.08451
1.08451
1.0845
1.08448
1.08454
1.08462
1.08461
1.0846
1.08461
1.08462
1.08461
1.08461
1.08461
1.08462
1.08462
1.0846
1.08464
1.08469
1.08474
1.08464
1.08469
1.08468
1.08468
1.08462
1.08455
1.08455
1.08455
1.08458
1.08462
1.08467
1.08467
1.08464
1.08462
1.08458
1.08461
1.08471
1.08475
1.08472
1.08472
1.08471
1.08471
1.08471
1.08468
1.08468
1.08474
1.08474
1.08474
1.08468
1.08461
1.08461
1.08464
1.08464
1.0846
1.0846
1.08461
1.08461
1.08461
1.08464
1.08464
1.08464
1.08465
1.08464
1.08464
1.08467
1.08467
1.08471
1.08471
1.08474
1.08474
1.08472
1.08472
1.08471
1.08472
1.08471
1.08481
1.08481
1.08492
1.08488
1.08485
1.08482
1.08479
1.08482
1.08485
1.08482
1.08482
1.08479
1.08479
1.08481
1.08481
1.08481
1.08481
1.08481
1.08478
1.08475
1.08471
1.08471
1.08469
1.08472
1.08469
1.08472
1.08469
1.08468
1.08468
1.08471
1.08469
1.08468
1.08468
1.08467
1.08461
1.08464
1.08464
1.08465
1.08464
1.08461
1.08464
1.08465
1.08465
1.08461
1.08461
1.08464
1.08462
1.08462
1.08462
1.08461
1.08461
1.08462
1.08462
1.08462
1.08458
1.08452
1.08454
1.08454
1.08454
1.08452
1.08454
1.08462
1.08462
1.08458
1.0846
1.08461
1.08461
1.08475
1.08477
1.08478
1.08474
1.08469
1.08471
1.08467
1.08467
1.08467
1.08468
1.08468
1.08467
1.0846
1.08467
1.08464
1.08465
1.08472
1.08474
1.08472
1.08475
1.08487
1.08485
1.08492
1.08504
1.08504
1.08502
1.08499
1.08495
1.08504
1.08504
1.08502
1.08505
1.08502
1.08506
1.08512
1.08519
1.08518
1.08512
1.08509
1.08499
1.08498
1.08504
1.08509
1.08511
1.08509
1.08538
1.08552
1.08563
1.08573
1.08549
1.08552
1.08546
1.08539
1.08536
1.08538
1.08536
1.08536
1.08535
1.08533
1.08536
1.08538
1.08542
1.08545
1.08545
1.08543
1.08542
1.08542
1.08542
1.08542
1.08543
1.08559
1.08557
1.08559
1.08557
1.08552
1.08539
1.08539
1.08532
1.08533
1.08533
1.0853
1.08518
1.08519
1.08526
1.08539
1.08545
1.08548
1.08546
1.08543
1.08546
1.08546
1.08546
1.08546
1.08546
1.08546
1.08549
1.0854
1.08538
1.08532
1.08528
1.08529
1.08526
1.08526
1.08523
1.08515
1.08523
1.08523
1.08519
1.08516
1.08518
1.08515
1.08519
1.08526
1.08525
1.08535
1.08529
1.08529
1.08525
1.08516
1.08519
1.08522
1.08523
1.08523
1.08513
1.08509
1.08508
1.08509
1.08509
1.08518
1.08512
1.08513
1.08513
1.08513
1.08512
1.08512
1.08512
1.08509
1.08504
1.08512
1.08512
1.08512
1.08509
1.08508
1.08508
1.08505
1.08502
1.08504
1.08506
1.08506
1.08509
1.08513
1.08508
1.08509
1.08519
1.08522
1.08523
1.08521
1.08513
1.08505
1.08502
1.08492
1.08492
1.08489
1.08491
1.08492
1.08487
1.08492
1.08475
1.08481
1.08475
1.08479
1.08475
1.08475
1.08475
1.08478
1.08479
1.08469
1.08474
1.08471
1.08469
1.08481
1.08481
1.08481
1.08485
1.08488
1.08495
1.08498
1.08496
1.08487
1.08489
1.08492
1.08492
1.08489
1.08478
1.08479
1.08478
1.08478
1.08484
1.08482
1.08475
1.08474
1.08471
1.08464
1.08454
1.08468
1.08468
1.08464
1.08454
1.08462
1.08462
1.08468
1.08464
1.08465
1.08462
1.08462
1.08462
1.08464
1.08474
1.08479
1.08484
1.08494
1.08495
1.08492
1.08488
1.08488
1.08485
1.08484
1.08488
1.08494
1.08494
1.08495
1.08494
1.08494
1.08499
1.08509
1.08509
1.08506
1.08509
1.08509
1.08509
1.08512
1.08512
1.08509
1.08506
1.08502
1.08502
1.08499
1.08502
1.08505
1.08506
1.08509
1.08509
1.08509
1.08513
1.08512
1.08509
1.08512
1.08509
1.08508
1.08508
1.08498
1.08494
1.08492
1.08488
1.08488
1.08488
1.08488
1.08488
1.08488
1.08487
1.08488
1.08487
1.08481
1.08479
1.08478
1.08474
1.08471
1.08471
1.08478
1.08484
1.08478
1.08478
1.08474
1.08469
1.08471
1.08469
1.08469
1.08478
1.08481
1.08481
1.08478
1.08488
1.08488
1.08488
1.08489
1.08492
1.08492
1.08498
1.08502
1.08504
1.08504
1.08498
1.08501
1.08499
1.08496
1.08496
1.08494
1.08494
1.08495
1.08498
1.08498
1.08502
1.08498
1.08504
1.08502
1.08504
1.08504
1.08504
1.08504
1.08504
1.08506
1.08505
1.08502
1.08502
1.08504
1.08502
1.08506
1.08504
1.08506
1.08505
1.08504
1.08504
1.08504
1.08504
1.08502
1.08502
1.08513
1.08511
1.08506
1.08501
1.08498
1.08498
1.08499
1.08501
1.08504
1.08504
1.08502
1.08499
1.08494
1.08498
1.08496
1.08502
1.08505
1.08505
1.08508
1.08501
1.08505
1.08509
1.08509
1.08511
1.08509
1.08513
1.08515
1.08513
1.08513
1.08513
1.08513
1.0853
1.08533
1.08532
1.08533
1.08532
1.0853
1.08529
1.08532
1.08532
1.08532
1.08529
1.08532
1.08533
1.08533
1.08532
1.08528
1.08523
1.08523
1.08522
1.08529
1.08528
1.08536
1.08536
1.08529
1.08526
1.08522
1.08513
1.08508
1.08506
1.08508
1.08508
1.08506
1.08506
1.08518
1.08518
1.08515
1.08513
1.08505
1.08502
1.08501
1.08492
1.08492
1.08492
1.08492
1.08495
1.08492
1.08495
1.08492
1.08482
1.08482
1.08481
1.08482
1.08482
1.08482
1.08487
1.08492
1.08492
1.08488
1.08487
1.08472
1.08479
1.08478
1.08475
1.08478
1.08479
1.08481
1.08478
1.08478
1.08484
1.08484
1.08479
1.08478
1.08477
1.08472
1.08474
1.08472
1.08471
1.08468
1.08464
1.08458
1.08458
1.08468
1.08469
1.08474
1.08471
1.08474
1.08474
1.08474
1.08472
1.08474
1.08474
1.08471
1.08468
1.08468
1.08464
1.08462
1.08461
1.08464
1.08468
1.08474
1.08474
1.08482
1.08478
1.08477
1.08477
1.08477
1.08474
1.08474
1.08474
1.08474
1.08474
1.08475
1.08475
1.08477
1.08475
1.08508
1.08509
1.08518
1.08506
1.08506
1.08504
1.08512
1.08513
1.08516
1.08519
1.08529
1.08532
1.08529
1.08529
1.08528
1.08523
1.08522
1.08522
1.08526
1.08529
1.08548
1.08545
1.08542
1.08542
1.0854
1.08539
1.08538
1.08538
1.08536
1.08542
1.0854
1.08539
1.08538
1.08539
1.08539
1.08539
1.08539
1.08542
1.08539
1.08538
1.08539
1.08539
1.08533
1.08538
1.08538
1.08557
1.08557
1.08555
1.0856
1.08566
1.0857
1.08566
1.08562
1.08566
1.08566
1.08565
1.08566
1.08565
1.08562
1.08559
1.08553
1.08548
1.08549
1.0855
1.08552
1.08553
1.08566
1.08574
1.08574
1.08574
1.08577
1.08576
1.08576
1.08576
1.08573
1.08573
1.08573
1.08569
1.08572
1.08569
1.08567
1.08565
1.08565
1.08566
1.08567
1.08563
1.08566
1.08569
1.08569
1.08566
1.08566
1.08566
1.08567
1.08555
1.0855
1.08548
1.08545
1.08546
1.08546
1.08546
1.08545
1.08546
1.08546
1.08552
1.08553
1.08552
1.08566
1.08567
1.08563
1.08563
1.08563
1.08563
1.08563
1.08573
1.08573
1.08576
1.08573
1.08572
1.08574
1.08583
1.08576
1.08576
1.08573
1.08577
1.08574
1.08573
1.08572
1.08569
1.08566
1.08569
1.08567
1.08566
1.08574
1.08573
1.0858
1.08576
1.08576
1.08583
1.08583
1.08583
1.08577
1.0858
1.08579
1.08577
1.08577
1.08577
1.08577
1.08576
1.08573
1.08567
1.08566
1.08563
1.08567
1.08567
1.08574
1.08574
1.08576
1.08576
1.08576
1.08582
1.0858
1.08586
1.08586
1.08586
1.08583
1.08586
1.08586
1.08583
1.08583
1.08584
1.08583
1.08583
1.08593
1.08599
1.08594
1.08594
1.08593
1.08593
1.08593
1.08593
1.08593
1.08587
1.08591
1.08593
1.08593
1.08593
1.08589
1.08584
1.08584
1.08583
1.08586
1.08587
1.08584
1.08589
1.08591
1.0859
1.08586
1.08576
1.0857
1.08569
1.08562
1.08563
1.08562
1.08562
1.08549
1.08552
1.08553
1.08552
1.08552
1.0855
1.0855
1.08549
1.08553
1.08549
1.08546
1.08542
1.08538
1.08538
1.08555
1.08559
1.08522
1.08499
1.08499
1.08502
1.08513
1.08519
1.08513
1.08512
1.08513
1.08519
1.08523
1.08532
1.08539
1.08533
1.0853
1.08528
1.08539
1.08532
1.08535
1.08532
1.08532
1.08533
1.08532
1.08529
1.08526
1.08526
1.08526
1.08523
1.08529
1.08529
1.08529
1.0853
1.08528
1.08521
1.08523
1.08522
1.08522
1.08519
1.08516
1.08504
1.08512
1.08511
1.08511
1.08518
1.08512
1.08513
1.08512
1.08512
1.08513
1.08519
1.08515
1.08512
1.08504
1.08502
1.08502
1.08509
1.08515
1.08518
1.08519
1.08519
1.08522
1.08522
1.08521
1.08525
1.08528
1.08526
1.08528
1.08529
1.08529
1.08526
1.08528
1.08532
1.08532
1.08538
1.08536
1.08529
1.08528
1.08525
1.08523
1.08516
1.08515
1.08515
1.08515
1.08512
1.08512
1.08516
1.08519
1.08516
1.08522
1.08518
1.08516
1.08509
1.08506
1.08501
1.08496
1.08496
1.08499
1.08505
1.08505
1.08499
1.08498
1.08502
1.08499
1.08512
1.08508
1.08512
1.08509
1.08512
1.08512
1.08512
1.08512
1.08509
1.08509
1.08509
1.08509
1.08509
1.08508
1.08508
1.08516
1.08516
1.08525
1.08525
1.08523
1.08522
1.08535
1.08522
1.08522
1.08522
1.08522
1.08519
1.08518
1.08518
1.08518
1.08518
1.08516
1.08518
1.08522
1.08526
1.08519
1.08512
1.08512
1.08512
1.08516
1.08513
1.08512
1.08509
1.08512
1.08512
1.08509
1.08511
1.08512
1.08512
1.08529
1.08532
1.08539
1.0854
1.08536
1.08525
1.08526
1.0853
1.08532
1.08525
1.08525
1.08523
1.08525
1.08525
1.08525
1.08526
1.08526
1.08525
1.08525
1.08525
1.08515
1.08509
1.08506
1.08501
1.08501
1.08501
1.08509
1.08506
1.08509
1.08505
1.08505
1.08506
1.08505
1.08506
1.08505
1.08502
1.08506
1.08512
1.08512
1.08506
1.08502
1.08498
1.08499
1.08498
1.08496
1.08491
1.08487
1.08489
1.08487
1.08492
1.08508
1.08502
1.08515
1.08516
1.08516
1.08519
1.08525
1.08532
1.0853
1.08528
1.08532
1.08533
1.08533
1.08548
1.08548
1.08549
1.0855
1.08548
1.08549
1.08548
1.08548
1.08542
1.08542
1.08542
1.08542
1.08542
1.0854
1.08542
1.08542
1.0854
1.08542
1.0854
1.08538
1.08535
1.08546
1.08548
1.08546
1.08546
1.08556
1.08559
1.08562
1.08566
1.08563
1.08566
1.08566
1.08565
1.08565
1.08563
1.08563
1.08566
1.08566
1.08566
1.08576
1.08576
1.08576
1.08576
1.08577
1.08576
1.08576
1.08576
1.08577
1.08577
1.08573
1.08576
1.08574
1.08573
1.08576
1.08573
1.0857
1.08567
1.08562
1.08576
1.08573
1.08573
1.08573
1.08572
1.0857
1.08567
1.0856
1.08562
1.08562
1.08562
1.08562
1.08562
1.08562
1.08552
1.08553
1.08553
1.08552
1.08552
1.08552
1.08552
1.08552
1.08552
1.08562
1.08559
1.08557
1.08562
1.08562
1.08562
1.0856
1.0856
1.08562
1.0856
1.08563
1.08563
1.08566
1.08567
1.08566
1.08563
1.08563
1.08566
1.08566
1.08566
1.08566
1.08573
1.08573
1.0858
1.08582
1.08582
1.08576
1.0857
1.08567
1.08566
1.08562
1.0856
1.08557
1.08559
1.08562
1.08562
1.08562
1.08562
1.08562
1.08559
1.08555
1.08553
1.08556
1.08557
1.0856
1.08562
1.08562
1.0856
1.08569
1.08572
1.08572
1.08572
1.08572
1.08569
1.08569
1.08573
1.08576
1.08574
1.08573
1.08572
1.08572
1.08573
1.08573
1.08572
1.08574
1.08574
1.08573
1.08573
1.08573
1.08576
1.08582
1.0858
1.08574
1.08573
1.08573
1.08574
1.08574
1.08576
1.08573
1.08576
1.08576
1.08576
1.08577
1.08582
1.0858
1.0858
1.0858
1.08582
1.08583
1.08583
1.08583
1.08583
1.08583
1.08582
1.08582
1.08586
1.08586
1.08586
1.08586
1.08586
1.08583
1.0858
1.08566
1.08566
1.08572
1.08559
1.08563
1.08565
1.08563
1.08565
1.08563
1.08582
1.08582
1.0858
1.08577
1.08577
1.08576
1.08576
1.08576
1.08574
1.08574
1.08573
1.08573
1.08573
1.08573
1.08574
1.08573
1.08566
1.08569
1.08566
1.08559
1.08557
1.08556
1.08559
1.08557
1.0856
1.08556
1.08557
1.08552
1.08549
1.08549
1.08549
1.08553
1.08552
1.08548
1.08549
1.0855
1.08546
1.08548
1.08546
1.08552
1.08552
1.08548
1.08546
1.0855
1.0855
1.0855
1.0855
1.08553
1.08545
1.08543
1.08542
1.08543
1.08543
1.08542
1.08542
1.08539
1.08539
1.08539
1.08536
1.08532
1.08536
1.08532
1.0853
1.08529
1.08529
1.08526
1.08529
1.0853
1.08532
1.08525
1.08519
1.08512
1.08516
1.08516
1.08512
1.08515
1.08533
1.08526
1.08516
1.08522
1.08525
1.08526
1.08525
1.08526
1.08523
1.08523
1.08518
1.08516
1.08515
1.08519
1.08519
1.08513
1.08512
1.08502
1.08502
1.08502
1.08495
1.08492
1.08485
1.08481
1.08479
1.08474
1.08475
1.08474
1.08471
1.08467
1.08465
1.08464
1.08461
1.08461
1.08464
1.08472
1.08472
1.08475
1.08475
1.08475
1.08475
1.08472
1.08472
1.08471
1.08468
1.08467
1.08467
1.08462
1.08458
1.08461
1.08461
1.08461
1.0846
1.08455
1.08467
1.08467
1.08471
1.08471
1.08468
1.08464
1.08461
1.08458
1.08445
1.08445
1.08445
1.08443
1.08441
1.08447
1.08447
1.08447
1.08444
1.08444
1.08441
1.08441
1.08441
1.08441
1.08433
1.08433
1.08427
1.08417
1.08416
1.08417
1.08414
1.08414
1.08413
1.08417
1.08418
1.08414
1.08417
1.08416
1.08416
1.08423
1.08424
1.08424
1.08421
1.08427
1.08433
1.08424
1.08423
1.08418
1.08417
1.08416
1.08426
1.08431
1.08427
1.08431
1.08431
1.0843
1.08431
1.0843
1.0843
1.08431
1.08433
1.08437
1.0843
1.08427
1.0843
1.08427
1.08431
1.08431
1.08426
1.08427
1.08424
1.0842
1.08418
1.08424
1.08421
1.08423
1.08424
1.0843
1.08427
1.08427
1.08428
1.08433
1.08431
1.08431
1.0843
1.0843
1.0843
1.08431
1.08431
1.08427
1.08428
1.08428
1.08428
1.08431
1.08445
1.08451
1.08451
1.08447
1.08451
1.08452
1.08448
1.08454
1.08462
1.08461
1.0846
1.0846
1.08455
1.08454
1.08457
1.08461
1.08461
1.08462
1.08461
1.08458
1.08458
1.08454
1.08454
1.08454
1.08454
1.08454
1.08454
1.08452
1.08451
1.08457
1.08457
1.08454
1.08454
1.08457
1.08461
1.08462
1.08462
1.08464
1.08464
1.08472
1.08474
1.08469
1.08475
1.08484
1.08488
1.08494
1.08491
1.08492
1.08488
1.08489
1.08489
1.08492
1.08495
1.08494
1.08495
1.08498
1.08495
1.08488
1.08488
1.08482
1.08481
1.08481
1.08471
1.08471
1.08472
1.08471
1.08464
1.08457
1.0846
1.08464
1.08462
1.08469
1.08474
1.08475
1.08475
1.08488
1.08487
1.08482
1.08485
1.08484
1.08485
1.08485
1.08484
1.08485
1.08482
1.08484
1.08481
1.08475
1.08468
1.08468
1.08458
1.0846
1.08468
1.08468
1.08464
1.08468
1.08468
1.08465
1.08465
1.08465
1.08467
1.08484
1.08484
1.08482
1.08487
1.08487
1.08488
1.08487
1.08484
1.08485
1.08488
1.08487
1.08487
1.08492
1.08489
1.08489
1.08491
1.08489
1.08481
1.08485
1.08484
1.08481
1.08482
1.08482
1.08485
1.08485
1.08482
1.08482
1.08482
1.08482
1.08485
1.08488
1.08485
1.08485
1.08485
1.08485
1.08488
1.08488
1.08495
1.08495
1.08505
1.08502
1.08499
1.08499
1.08501
1.08499
1.08496
1.08495
1.08499
1.08496
1.08496
1.08499
1.08501
1.08494
1.08491
1.08491
1.08487
1.08485
1.08484
1.08487
1.08492
1.08492
1.08489
1.08488
1.08491
1.08492
1.08489
1.08491
1.08495
1.08496
1.08495
1.08491
1.08492
1.08492
1.08495
1.08496
1.08496
1.08496
1.08496
1.08495
1.08492
1.08492
1.08492
1.08492
1.08491
1.08491
1.08488
1.08484
1.08482
1.08488
1.08491
1.08492
1.08492
1.08492
1.08492
1.08491
1.08492
1.08492
1.08492
1.08492
1.08492
1.08492
1.08491
1.08491
1.08492
1.08485
1.08485
1.08487
1.08482
1.08481
1.08481
1.08471
1.08471
1.08471
1.08471
1.08471
1.08471
1.08471
1.08471
1.08471
1.08477
1.08477
1.08471
1.08477
1.08477
1.08475
1.08477
1.08492
1.08498
1.08492
1.08495
1.08505
1.08504
1.08508
1.08508
1.08512
1.08512
1.08512
1.08511
1.08511
1.08512
1.08518
1.08519
1.08522
1.08526
1.08528
1.08526
1.08543
1.0854
1.08546
1.0855
1.08565
1.0857
1.08576
1.08583
1.08583
1.08577
1.08563
1.08563
1.08556
1.08556
1.08556
1.08557
1.08553
1.08559
1.0856
1.08563
1.08562
1.0856
1.08566
1.08573
1.08573
1.08573
1.08574
1.08576
1.0857
1.0857
1.0858
1.08582
1.0858
1.0858
1.08583
1.0859
1.08586
1.08583
1.0858
1.08576
1.08576
1.08573
1.08557
1.08556
1.08562
1.08562
1.08553
1.08552
1.08552
1.08552
1.08552
1.08549
1.08553
1.08552
1.08552
1.08552
1.0855
1.08548
1.08543
1.08543
1.08546
1.08545
1.08549
1.08549
1.0855
1.0855
1.08549
1.0854
1.08542
1.0854
1.08546
1.08539
1.08532
1.08535
1.08536
1.0856
1.0857
1.0857
1.08566
1.08559
1.08563
1.08567
1.08566
1.08566
1.08552
1.08565
1.08563
1.08563
1.08565
1.08565
1.08576
1.0858
1.0858
1.0858
1.0859
1.08593
1.0859
1.08586
1.0858
1.08579
1.08577
1.08587
1.08593
1.08591
1.08587
1.0859
1.08593
1.08591
1.08589
1.08586
1.0859
1.08587
1.08586
1.08594
1.08593
1.08593
1.08589
1.08587
1.08586
1.08586
1.08591
1.08591
1.08591
1.08594
1.08591
1.08603
1.08601
1.08601
1.08601
1.08599
1.086
1.08597
1.08593
1.08593
1.08591
1.08586
1.08576
1.08574
1.08566
1.0857
1.08569
1.08572
1.08566
1.08566
1.08567
1.08566
1.08566
1.08563
1.08566
1.08565
1.08565
1.08566
1.08562
1.08562
1.08563
1.08563
1.08565
1.08563
1.08563
1.08563
1.08562
1.08565
1.0856
1.08562
1.08563
1.08563
1.08562
1.08566
1.08566
1.08566
1.08563
1.08563
1.08566
1.08566
1.08563
1.08565
1.08566
1.08566
1.08566
1.08562
1.08563
1.08563
1.08566
1.08566
1.08565
1.08565
1.08566
1.08563
1.08563
1.0856
1.0856
1.08559
1.08553
1.08555
1.08553
1.08553
1.08549
1.08549
1.08552
1.08552
1.08552
1.08545
1.08526
1.08525
1.08526
1.08536
1.08536
1.08532
1.08535
1.08536
1.08532
1.08528
1.08532
1.08532
1.08523
1.08529
1.0853
1.08529
1.08522
1.08522
1.08522
1.08522
1.08533
1.08532
1.08532
1.08532
1.08532
1.08532
1.08533
1.08533
1.08539
1.08538
1.08549
1.08549
1.08548
1.08548
1.08552
1.08553
1.08553
1.08552
1.08542
1.08542
1.0854
1.0854
1.08536
1.08536
1.08543
1.08545
1.08543
1.08542
1.08542
1.08542
1.08539
1.08539
1.08542
1.0854
1.08529
1.08526
1.08532
1.08536
1.08542
1.0854
1.08539
1.08539
1.08528
1.08525
1.08532
1.08529
1.08523
1.08525
1.08522
1.08526
1.08532
1.08532
1.08553
1.08553
1.08567
1.08566
1.08566
1.08566
1.08563
1.08559
1.08565
1.08566
1.08576
1.08583
1.08586
1.08597
1.08597
1.08593
1.08596
1.08593
1.08608
1.0861
1.08607
1.08607
1.08613
1.0861
1.086
1.08604
1.08597
1.08597
1.08599
1.08606
1.08604
1.08603
1.086
1.08591
1.08586
1.08586
1.08582
1.0858
1.0858
1.08586
1.08586
1.08583
1.0858
1.0858
1.0858
1.08587
1.08586
1.08603
1.08601
1.08599
1.08603
1.08603
1.08603
1.08606
1.08601
1.08593
1.08593
1.086
1.08606
1.08603
1.086
1.08594
1.08593
1.08593
1.08593
1.08594
1.08597
1.086
1.08597
1.08596
1.08594
1.08591
1.08594
1.086
1.086
1.086
1.08597
1.08593
1.086
1.08603
1.08599
1.08597
1.08596
1.08593
1.086
1.086
1.08601
1.08601
1.08599
1.08603
1.08606
1.0859
1.08583
1.0858
1.08586
1.08586
1.08584
1.0859
1.0859
1.08593
1.08594
1.08596
1.08596
1.08596
1.08594
1.0859
1.08586
1.08586
1.08583
1.08586
1.08586
1.08586
1.08586
1.08596
1.08596
1.08596
1.08596
1.08594
1.086
1.086
1.086
1.086
1.08606
1.08618
1.08634
1.08657
1.08647
1.08644
1.08635
1.08635
1.08655
1.08661
1.08668
1.08662
1.08661
1.08665
1.08664
1.08662
1.08664
1.08662
1.08655
1.08651
1.08651
1.08654
1.08654
1.08651
1.08652
1.08651
1.0865
1.08638
1.08637
1.08638
1.08641
1.08641
1.08644
1.08652
1.08652
1.08654
1.08652
1.08652
1.0865
1.08643
1.08644
1.08645
1.0865
1.08654
1.08647
1.0865
1.08648
1.0865
1.08651
1.08651
1.08647
1.08647
1.08651
1.08652
1.08655
1.08651
1.08645
1.08645
1.08644
1.08638
1.08635
1.08637
1.08637
1.08641
1.08641
1.08637
1.08634
1.08633
1.08631
1.08628
1.08627
1.08631
1.08634
1.08635
1.08634
1.08631
1.08631
1.08635
1.08637
1.08641
1.08641
1.08643
1.08641
1.08634
1.08633
1.08627
1.08631
1.0863
1.08631
1.0862
1.08635
1.0864
1.0864
1.08641
1.08638
1.08634
1.08631
1.08633
1.08633
1.08637
1.08637
1.08641
1.08635
1.08635
1.08635
1.08634
1.08631
1.08631
1.08631
1.08634
1.08635
1.08634
1.08638
1.08631
1.08631
1.08627
1.08626
1.08633
1.08635
1.08635
1.0863
1.08628
1.08624
1.08623
1.08624
1.08623
1.08624
1.08626
1.08624
1.08627
1.08626
1.08627
1.08626
1.08624
1.08626
1.08624
1.08626
1.0863
1.08634
1.08628
1.0863
1.0863
1.08628
1.08624
1.08628
1.08621
1.0862
1.08626
1.08626
1.08628
1.08628
1.0863
1.08627
1.08628
1.08623
1.08621
1.0862
1.08623
1.08626
1.08623
1.0862
1.08613
1.08611
1.08611
1.08611
1.08607
1.08601
1.08608
1.08611
1.08614
1.08611
1.08611
1.08607
1.08603
1.08607
1.08607
1.08611
1.08601
1.08601
1.08599
1.08599
1.08599
1.086
1.08606
1.08607
1.08606
1.08614
1.08606
1.08604
1.08603
1.08603
1.086
1.08603
1.08601
1.086
1.08603
1.08603
1.08607
1.0861
1.0861
1.08606
1.08601
1.086
1.086
1.0861
1.08614
1.08626
1.08626
1.08634
1.08635
1.08638
1.08643
1.08641
1.08641
1.0864
1.08637
1.08641
1.08641
1.08631
1.08633
1.08633
1.08637
1.08635
1.08635
1.08641
1.08635
1.08631
1.08637
1.08637
1.08633
1.08633
1.08637
1.08637
1.08645
1.08644
1.08645
1.08644
1.08643
1.0864
1.08637
1.08635
1.08637
1.08635
1.08638
1.08641
1.0864
1.08634
1.08634
1.08633
1.08631
1.0863
1.08628
1.08631
1.08631
1.08631
1.0863
1.08628
1.08631
1.08626
1.08627
1.0863
1.08631
1.08631
1.08637
1.08637
1.08633
1.08634
1.08633
1.08627
1.08621
1.08627
1.08624
1.08624
1.08626
1.08624
1.08621
1.08624
1.08624
1.08624
1.08624
1.08628
1.08627
1.08626
1.08626
1.08624
1.08627
1.08627
1.08627
1.08627
1.08627
1.08627
1.08627
1.08631
1.0863
1.08628
1.08631
1.08631
1.08631
1.08623
1.0862
1.08621
1.0862
1.08621
1.08616
1.08616
1.08611
1.0861
1.0861
1.0861
1.0861
1.0861
1.08616
1.08621
1.08618
1.08621
1.08621
1.08618
1.08616
1.0862
1.0862
1.08617
1.08616
1.08616
1.0862
1.0862
1.08617
1.08616
1.08617
1.0862
1.08617
1.08616
1.08616
1.08616
1.0862
1.08617
1.08617
1.08617
1.08618
1.08618
1.08617
1.08617
1.08607
1.08604
1.08607
1.08607
1.08607
1.08607
1.08607
1.08606
1.086
1.08603
1.08603
1.08601
1.08603
1.08603
1.08603
1.08603
1.08606
1.08611
1.08613
1.08614
1.0861
1.08613
1.0862
1.08614
1.08608
1.08606
1.08604
1.08601
1.08603
1.086
1.086
1.08603
1.086
1.08597
1.08603
1.08601
1.08607
1.0861
1.08603
1.08603
1.08606
1.08603
1.08604
1.08603
1.08603
1.08593
1.08594
1.08593
1.0859
1.0859
1.0859
1.08591
1.08593
1.08593
1.08593
1.08597
1.08599
1.08599
1.08599
1.08597
1.08601
1.08603
1.08603
1.08601
1.08603
1.08603
1.08606
1.08601
1.08603
1.08601
1.08597
1.08601
1.086
1.08606
1.08603
1.08606
1.08604
1.08606
1.086
1.08603
1.08604
1.08603
1.08604
1.08601
1.08601
1.08601
1.08603
1.08604
1.08603
1.08607
1.08607
1.0861
1.08614
1.08613
1.08614
1.08613
1.08613
1.08613
1.08613
1.08613
1.08614
1.08613
1.08614
1.08617
1.08616
1.08611
1.0861
1.08617
1.08616
1.08613
1.08617
1.08616
1.08616
1.08616
1.08617
1.08614
1.08614
1.08617
1.08617
1.08621
1.08623
1.08621
1.0862
1.08621
1.0862
1.08626
1.08624
1.08624
1.08626
1.08624
1.08624
1.08626
1.08624
1.08624
1.08624
1.08626
1.08624
1.08623
1.08623
1.08624
1.08623
1.08623
1.08623
1.08621
1.08621
1.08621
1.08624
1.08634
1.08637
1.08637
1.08635
1.08644
1.08641
1.08644
1.08644
1.08643
1.08645
1.08647
1.0865
1.08651
1.08647
1.08647
1.08647
1.08645
1.08647
1.08651
1.08651
1.08655
1.08651
1.0865
1.08645
1.08651
1.08647
1.08647
1.08651
1.0865
1.0865
1.08651
1.08652
1.08651
1.08657
1.08658
1.08654
1.08647
1.08645
1.08645
1.08648
1.08644
1.08637
1.08635
1.08634
1.08633
1.08627
1.08627
1.08624
1.08623
1.08623
1.08627
1.0862
1.08623
1.08623
1.08623
1.08621
1.08616
1.08614
1.08624
1.08624
1.08627
1.08627
1.08627
1.08624
1.08607
1.086
1.08603
1.08599
1.086
1.08601
1.08601
1.08597
1.08601
1.08597
1.086
1.08597
1.08601
1.08604
1.08603
1.08613
1.08614
1.08614
1.08614
1.08623
1.08627
1.08637
1.08641
1.0864
1.0864
1.0864
1.08643
1.08641
1.08641
1.08637
1.08626
1.08623
1.0862
1.08616
1.0861
1.08607
1.08604
1.08597
1.08601
1.08597
1.08597
1.086
1.08597
1.08597
1.08597
1.08597
1.08597
1.08603
1.08603
1.08611
1.0861
1.08604
1.08607
1.08611
1.08611
1.08614
1.08617
1.08618
1.08621
1.08617
1.08614
1.0861
1.08607
1.08617
1.08617
1.08633
1.08631
1.08616
1.08626
1.08621
1.08624
1.08624
1.08617
1.08616
1.08614
1.08617
1.08616
1.08613
1.08611
1.08608
1.08608
1.08607
1.08606
1.08603
1.08603
1.08603
1.08603
1.08603
1.08614
1.08618
1.08617
1.08617
1.08617
1.08617
1.08616
1.08617
1.08616
1.08616
1.08617
1.08617
1.08617
1.08617
1.08616
1.08617
1.08617
1.08617
1.08616
1.08617
1.08617
1.08618
1.08623
1.0863
1.08631
1.08635
1.08635
1.08631
1.08634
1.08644
1.08643
1.08645
1.08645
1.08633
1.08627
1.08626
1.08626
1.08627
1.08626
1.08634
1.08635
1.08627
1.08624
1.08624
1.08623
1.08626
1.08631
1.08628
1.08634
1.08634
1.08634
1.08635
1.08635
1.08637
1.08637
1.08635
1.08637
1.08637
1.08637
1.08637
1.08641
1.08637
1.08635
1.08633
1.0863
1.08627
1.0862
1.08621
1.08635
1.08637
1.08634
1.08637
1.08641
1.08641
1.08637
1.08635
1.08633
1.08627
1.08623
1.08618
1.08628
1.08627
1.08626
1.08626
1.08624
1.08624
1.08618
1.08618
1.08624
1.08623
1.08624
1.08617
1.08614
1.08613
1.08613
1.08616
1.08616
1.08617
1.08617
1.08621
1.08623
1.08621
1.08628
1.0863
1.08624
1.08617
1.08604
1.08607
1.08607
1.08607
1.08614
1.08614
1.08607
1.08608
1.08606
1.08604
1.08607
1.08606
1.08607
1.08611
1.0861
1.0861
1.08616
1.0861
1.0861
1.08608
1.08607
1.08607
1.08604
1.08608
1.08608
1.08611
1.08608
1.08606
1.08606
1.08604
1.08601
1.08607
1.086
1.08601
1.08601
1.08606
1.08603
1.08607
1.08611
1.08614
1.08617
1.08617
1.0862
1.0862
1.08621
1.0862
1.08618
1.08617
1.08617
1.08617
1.08613
1.08613
1.08614
1.08617
1.08617
1.08617
1.0862
1.08618
1.08624
1.08624
1.08623
1.08624
1.08623
1.08623
1.0862
1.08621
1.08624
1.08627
1.08626
1.08624
1.08624
1.08624
1.08626
1.08627
1.08624
1.08624
1.08621
1.0862
1.0862
1.0862
1.08624
1.0862
1.0862
1.08624
1.08624
1.08624
1.08624
1.08627
1.08627
1.08634
1.08635
1.08637
1.08637
1.08637
1.08637
1.08637
1.08637
1.08637
1.08637
1.08635
1.08635
1.08635
1.08635
1.08635
1.08634
1.08635
1.08635
1.08637
1.08631
1.08634
1.08644
1.08644
1.08645
1.08651
1.08654
1.08651
1.08651
1.08651
1.0865
1.08654
1.08657
1.08661
1.08658
1.0866
1.0866
1.08665
1.08664
1.08664
1.08664
1.08662
1.08661
1.08664
1.08664
1.08664
1.08667
1.08664
1.08664
1.08667
1.08665
1.08665
1.08669
1.08668
1.08668
1.08667
1.08664
1.08667
1.08664
1.08668
1.08668
1.08667
1.08664
1.08664
1.08661
1.08661
1.08657
1.08655
1.08648
1.08652
1.08655
1.08652
1.08652
1.08654
1.08655
1.08655
1.08655
1.08657
1.08654
1.08654
1.08655
1.08657
1.08658
1.08654
1.08648
1.0865
1.0865
1.08648
1.08647
1.08648
1.08648
1.08648
1.08647
1.08647
1.08645
1.08641
1.08635
1.08633
1.08637
1.08635
1.08635
1.08637
1.08634
1.08637
1.08635
1.08634
1.08634
1.08634
1.08634
1.08634
1.08634
1.08634
1.08633
1.08633
1.08633
1.08633
1.08631
1.08627
1.08627
1.08633
1.0863
1.08634
1.08643
1.08641
1.08641
1.08644
1.08641
1.08641
1.08637
1.0864
1.08627
1.08633
1.08631
1.08628
1.08627
1.08631
1.0863
1.08628
1.08627
1.08627
1.08623
1.0862
1.0862
1.0862
1.08617
1.08624
1.08624
1.08624
1.08643
1.08647
1.08645
1.08644
1.08644
1.08643
1.08638
1.0864
1.08652
1.08654
1.08652
1.0865
1.0865
1.08648
1.08645
1.08654
1.08652
1.08647
1.08643
1.08641
1.08641
1.08644
1.08647
1.08651
1.0865
1.08648
1.08644
1.08643
1.08643
1.08641
1.08637
1.08634
1.08637
1.08628
1.08633
1.08644
1.08647
1.08651
1.08647
1.08651
1.08647
1.08647
1.08647
1.08651
1.08655
1.08658
1.08654
1.08651
1.08654
1.0865
1.08647
1.08647
1.08647
1.0865
1.08648
1.08641
1.08643
1.08641
1.08638
1.08641
1.08641
1.08652
1.08658
1.08654
1.0865
1.08655
1.08655
1.08654
1.08654
1.08654
1.08661
1.08661
1.08664
1.08664
1.08675
1.08677
1.08678
1.08678
1.08677
1.08677
1.08672
1.08677
1.08669
1.08668
1.08661
1.08654
1.08652
1.08651
1.08651
1.08652
1.08655
1.08651
1.08648
1.08647
1.08651
1.08651
1.08651
1.08654
1.08654
1.08658
1.08658
1.08658
1.08658
1.0866
1.08662
1.08662
1.08664
1.08664
1.08664
1.08661
1.08661
1.0866
1.08657
1.08658
1.08655
1.08654
1.0865
1.08648
1.08651
1.08651
1.08652
1.08652
1.08652
1.08654
1.08651
1.08651
1.08651
1.08647
1.08645
1.08645
1.08644
1.08647
1.08641
1.08641
1.08647
1.08647
1.08651
1.08651
1.08651
1.08651
1.08651
1.08651
1.08654
1.08654
1.08654
1.08652
1.08654
1.08654
1.08658
1.08657
1.08658
1.08657
1.08658
1.08658
1.08654
1.08654
1.08652
1.08652
1.08657
1.08657
1.08661
1.08661
1.08671
1.08674
1.08675
1.08674
1.08674
1.08675
1.08674
1.08675
1.08674
1.08672
1.08672
1.08671
1.08671
1.08672
1.08668
1.08671
1.08668
1.08668
1.08668
1.08668
1.08684
1.08684
1.08684
1.08684
1.08682
1.08681
1.08679
1.08678
1.08678
1.08685
1.08682
1.08682
1.08681
1.08672
1.08674
1.08668
1.08668
1.08668
1.08671
1.08678
1.08678
1.08678
1.08675
1.08675
1.08672
1.08672
1.08678
1.08681
1.08682
1.08681
1.08677
1.08675
1.08681
1.08681
1.08677
1.08678
1.08678
1.08678
1.08679
1.08681
1.08681
1.08679
1.08681
1.08681
1.08679
1.08679
1.08681
1.08692
1.08694
1.08692
1.08694
1.08688
1.08687
1.08681
1.08674
1.08672
1.08671
1.08671
1.08671
1.08669
1.08665
1.08664
1.08658
1.08658
1.08655
1.08654
1.08651
1.08651
1.0865
1.08652
1.08654
1.08655
1.08655
1.08658
1.08657
1.08657
1.08648
1.08643
1.08645
1.08647
1.08645
1.08645
1.08652
1.08652
1.08657
1.08658
1.08668
1.08668
1.08671
1.08671
1.08671
1.08664
1.08664
1.08667
1.08665
1.08654
1.08657
1.08654
1.08654
1.08652
1.0865
1.08647
1.08645
1.08647
1.08647
1.08651
1.08651
1.08651
1.08645
1.08645
1.08647
1.0865
1.08648
1.0865
1.08648
1.08648
1.08648
1.08662
1.08661
1.08662
1.08664
1.08664
1.08664
1.08664
1.08664
1.08671
1.08671
1.08675
1.08672
1.08674
1.08674
1.08674
1.08671
1.08671
1.08672
1.08672
1.08675
1.08672
1.08671
1.08671
1.08672
1.08675
1.08675
1.08677
1.08675
1.08672
1.08672
1.08671
1.08675
1.08672
1.08675
1.08681
1.08677
1.08677
1.08677
1.08678
1.08677
1.08671
1.08664
1.08664
1.08668
1.08672
1.08672
1.08678
1.08678
1.08678
1.08685
1.08688
1.08688
1.08682
1.08688
1.08691
1.08691
1.08691
1.08689
1.08689
1.08689
1.08687
1.08687
1.08687
1.08687
1.08687
1.08687
1.08687
1.08687
1.08687
1.08687
1.08687
1.08687
1.08687
1.08687
1.08687
1.08687
1.08687
1.08688
1.08688
1.08692
1.08694
1.08695
1.08712
1.08718
1.08721
1.08718
1.08716
1.08715
1.08715
1.08715
1.08715
1.08713
1.08711
1.08712
1.08711
1.08716
1.08713
1.08716
1.08716
1.08713
1.08715
1.08713
1.08706
1.08702
1.08696
1.08698
1.08695
1.08698
1.08701
1.08692
1.08692
1.08689
1.08687
1.08685
1.08691
1.08688
1.08681
1.08678
1.08682
1.08685
1.08685
1.08691
1.08688
1.08691
1.08688
1.08688
1.08691
1.08687
1.08692
1.08698
1.08702
1.08712
1.08712
1.08711
1.08712
1.08712
1.08712
1.08719
1.08725
1.08735
1.08728
1.08725
1.08725
1.08725
1.08725
1.08725
1.08725
1.08722
1.08728
1.08721
1.08719
1.08715
1.08716
1.08715
1.08712
1.08715
1.08712
1.08712
1.08712
1.08716
1.08715
1.08725
1.0873
1.08732
1.0873
1.08729
1.08725
1.08722
1.08718
1.08712
1.08712
1.08711
1.08711
1.08712
1.08715
1.08712
1.08712
1.08712
1.08716
1.08716
1.08715
1.08715
1.08715
1.08712
1.08715
1.08712
1.08712
1.08709
1.08702
1.08701
1.08701
1.08702
1.08702
1.08705
1.08702
1.08698
1.08708
1.08712
1.08715
1.08715
1.08722
1.08723
1.08722
1.08716
1.08711
1.08708
1.08706
1.08704
1.08702
1.08698
1.08692
1.08691
1.08688
1.08689
1.08688
1.08694
1.08692
1.08692
1.08672
1.08677
1.08684
1.08688
1.08685
1.08685
1.08687
1.08685
1.08684
1.08682
1.08681
1.08677
1.08677
1.08678
1.08678
1.08681
1.08679
1.08678
1.08677
1.08677
1.08677
1.08677
1.08675
1.08682
1.08682
1.08682
1.08682
1.08685
1.08685
1.08679
1.08675
1.08671
1.08679
1.08689
1.08692
1.08699
1.08699
1.08701
1.08704
1.08709
1.08712
1.08715
1.08716
1.08716
1.08716
1.08719
1.08723
1.08722
1.08723
1.08725
1.08729
1.08725
1.08729
1.08729
1.0873
1.0873
1.08726
1.08725
1.08725
1.08722
1.08719
1.08722
1.08725
1.08719
1.08722
1.08719
1.08719
1.08713
1.08722
1.08722
1.08718
1.08715
1.08712
1.08713
1.08715
1.08705
1.08695
1.08692
1.08689
1.08701
1.08698
1.08695
1.08689
1.08689
1.08679
1.08679
1.08678
1.08675
1.08685
1.08681
1.08685
1.08681
1.08678
1.08682
1.08689
1.08692
1.08695
1.08695
1.08692
1.08696
1.08705
1.08698
1.08696
1.08695
1.08704
1.08702
1.08701
1.08702
1.08704
1.08701
1.08698
1.08699
1.08702
1.08702
1.08702
1.08698
1.08692
1.08695
1.08698
1.08704
1.08702
1.08702
1.08705
1.08705
1.08708
1.08711
1.08712
1.08705
1.08695
1.08687
1.08681
1.08677
1.08677
1.08678
1.08678
1.08678
1.08677
1.08681
1.08684
1.08688
1.08688
1.08685
1.08687
1.08689
1.08688
1.08691
1.08688
1.08692
1.08695
1.08698
1.08695
1.08698
1.08698
1.08698
1.08705
1.08699
1.08692
1.08695
1.08695
1.08689
1.08695
1.08694
1.08698
1.08705
1.08702
1.08705
1.08699
1.08699
1.08692
1.08692
1.08695
1.08695
1.08696
1.08696
1.08696
1.08698
1.08692
1.08702
1.08705
1.08711
1.08715
1.08713
1.08721
1.08728
1.0873
1.08721
1.08722
1.08718
1.08725
1.08726
1.08732
1.08732
1.0873
1.08732
1.08736
1.08739
1.08739
1.08736
1.08736
1.08732
1.08728
1.08723
1.08739
1.08738
1.08738
1.08733
1.0874
1.08738
1.08732
1.08729
1.08728
1.08738
1.08742
1.08739
1.08732
1.08736
1.08742
1.0874
1.08736
1.08732
1.08732
1.08732
1.08732
1.08726
1.08732
1.08736
1.08732
1.0874
1.08739
1.08742
1.0874
1.08738
1.0874
1.08739
1.08739
1.08725
1.08722
1.08725
1.08722
1.08722
1.08722
1.08722
1.08732
1.08738
1.08736
1.0874
1.0874
1.0874
1.08739
1.0874
1.08742
1.08739
1.08739
1.08736
1.08736
1.08739
1.08735
1.08736
1.08735
1.08732
1.08729
1.08739
1.08738
1.08739
1.08739
1.08736
1.08736
1.0874
1.08742
1.08742
1.08746
1.08756
1.08776
1.08774
1.08767
1.08763
1.08765
1.08773
1.08773
1.08782
1.08793
1.08787
1.08776
1.08776
1.08773
1.08783
1.08789
1.08786
1.08783
1.08786
1.08786
1.08787
1.08779
1.08783
1.08783
1.0878
1.08786
1.08786
1.08777
1.08776
1.08776
1.08773
1.0878
1.08777
1.08779
1.08786
1.08783
1.08779
1.08776
1.08774
1.08773
1.08772
1.08773
1.08773
1.08777
1.08777
1.08774
1.08772
1.08769
1.08766
1.08763
1.08767
1.08765
1.08766
1.08762
1.08753
1.08752
1.08756
1.08757
1.08759
1.08763
1.08763
1.08766
1.08766
1.08767
1.08766
1.08766
1.08762
1.08765
1.08772
1.0877
1.08749
1.08746
1.08755
1.08753
1.08755
1.08755
1.08755
1.08752
1.08752
1.08753
1.0875
1.08749
1.08752
1.08753
1.08752
1.08752
1.08752
1.08752
1.08753
1.08753
1.08752
1.08752
1.08753
1.08774
1.08769
1.08767
1.08763
1.08763
1.08757
1.08759
1.08759
1.08762
1.08762
1.0876
1.08756
1.08756
1.08756
1.08756
1.08753
1.08753
1.0875
1.0875
1.08756
1.08749
1.0875
1.0875
1.0875
1.0875
1.0875
1.0875
1.0875
1.0875
1.0875
1.0875
1.0875
1.0875
1.08753
1.08757
1.08756
1.0876
1.08757
1.08756
1.08757
1.08757
1.08756
1.08756
1.0876
1.08763
1.08759
1.0876
1.0876
1.08763
1.08766
1.08766
1.08766
1.08766
1.08766
1.08762
1.08759
1.08756
1.0876
1.0876
1.08766
1.08766
1.08762
1.0877
1.08773
1.08766
1.08766
1.08773
1.0878
1.08787
1.08787
1.08791
1.08786
1.08786
1.08796
1.08796
1.08794
1.08793
1.08789
1.08783
1.08782
1.08783
1.08786
1.08786
1.08783
1.08786
1.08783
1.08783
1.08782
1.08782
1.0878
1.08786
1.08786
1.08786
1.08786
1.08786
1.08786
1.08786
1.08787
1.0879
1.08791
1.08791
1.0879
1.0879
1.0879
1.08791
1.08796
1.08793
1.0879
1.08786
1.08782
1.08782
1.0878
1.08783
1.08783
1.08783
1.08782
1.08782
1.0878
1.0878
1.08774
1.0877
1.08774
1.08774
1.08783
1.08776
1.0878
1.0878
1.08782
1.08789
1.08789
1.08786
1.08786
1.08786
1.08786
1.08787
1.08782
1.08782
1.0878
1.08776
1.08782
1.08782
1.08784
1.0879
1.0879
1.08787
1.08786
1.08784
1.08784
1.08786
1.08807
1.088
1.088
1.08807
1.08806
1.08818
1.08816
1.0881
1.0881
1.08796
1.08803
1.08806
1.08804
1.08799
1.08799
1.08797
1.088
1.088
1.08797
1.08811
1.08809
1.08807
1.08806
1.08818
1.08827
1.0883
1.08837
1.08834
1.08837
1.08834
1.08833
1.08835
1.08833
1.08826
1.08823
1.0883
1.08827
1.08821
1.08824
1.0882
1.08824
1.08823
1.08823
1.08827
1.08827
1.08827
1.08824
1.08821
1.08814
1.08817
1.08806
1.0881
1.08811
1.0881
1.0881
1.08811
1.0881
1.0881
1.08814
1.0881
1.08814
1.0881
1.08806
1.08816
1.08814
1.08817
1.08817
1.0882
1.08821
1.0882
1.0882
1.08818
1.08817
1.08821
1.08817
1.08814
1.08811
1.08817
1.08816
1.08809
1.0881
1.08813
1.0881
1.08806
1.08806
1.08804
1.08806
1.08816
1.0882
1.0882
1.08816
1.08824
1.08823
1.08824
1.08826
1.0883
1.0883
1.0883
1.08851
1.08845
1.08838
1.08837
1.08837
1.0883
1.08821
1.08826
1.08833
1.08833
1.08837
1.08835
1.08837
1.08837
1.08835
1.08831
1.08831
1.08827
1.08826
1.08826
1.08824
1.08827
1.08828
1.08827
1.08826
1.08824
1.08824
1.08823
1.08823
1.08823
1.08818
1.08816
1.08818
1.08816
1.08817
1.08816
1.0882
1.08818
1.0883
1.08833
1.08833
1.08831
1.08831
1.0883
1.0883
1.08833
1.08831
1.08844
1.08841
1.0884
1.08835
1.0884
1.08837
1.08837
1.08833
1.08834
1.08834
1.08834
1.08845
1.0884
1.08844
1.08851
1.08844
1.08845
1.08845
1.08845
1.08847
1.08845
1.08837
1.08835
1.0883
1.08831
1.08834
1.0884
1.08843
1.08843
1.08841
1.08835
1.08852
1.08852
1.08855
1.08868
1.08865
1.08861
1.08847
1.08847
1.08851
1.08848
1.08845
1.08847
1.0885
1.08845
1.08845
1.08845
1.08847
1.08845
1.08845
1.08845
1.08845
1.08858
1.08858
1.08864
1.08862
1.08861
1.08864
1.08861
1.08861
1.08861
1.08861
1.08861
1.0886
1.08858
1.0885
1.08841
1.08837
1.08835
1.08835
1.08831
1.08835
1.08837
1.08837
1.08834
1.08831
1.08838
1.08837
1.08837
1.08837
1.08837
1.08845
1.08844
1.08841
1.08843
1.08844
1.08841
1.08841
1.08835
1.08834
1.08834
1.08831
1.0883
1.08831
1.0883
1.0883
1.0883
1.08831
1.08827
1.08834
1.0883
1.08828
1.08813
1.0881
1.088
1.088
1.08803
1.08801
1.0881
1.08816
1.08816
1.08806
1.08806
1.08806
1.08811
1.0881
1.08804
1.0881
1.0881
1.08803
1.088
1.088
1.088
1.088
1.08794
1.08796
1.08796
1.08793
1.08794
1.08791
1.0879
1.08791
1.08797
1.08797
1.08796
1.08796
1.08801
1.08797
1.08797
1.08797
1.08801
1.08799
1.088
1.08797
1.088
1.088
1.088
1.08803
1.08799
1.088
1.08801
1.08796
1.08787
1.0879
1.0879
1.08794
1.08797
1.08803
1.08803
1.08803
1.08806
1.08806
1.08807
1.0881
1.08811
1.08813
1.08811
1.08807
1.08807
1.08807
1.08803
1.08803
1.08803
1.08806
1.08806
1.08807
1.08807
1.08807
1.0881
1.0881
1.08809
1.0881
1.0881
1.0881
1.08809
1.08803
1.08803
1.08804
1.08806
1.0881
1.0881
1.08807
1.0881
1.08809
1.08806
1.08803
1.08803
1.08803
1.08801
1.088
1.088
1.088
1.08799
1.08797
1.08796
1.08797
1.08797
1.08801
1.088
1.08796
1.08807
1.08818
1.08817
1.08814
1.0881
1.08791
1.0879
1.08787
1.08783
1.08789
1.08786
1.08773
1.0878
1.08776
1.08773
1.08777
1.0878
1.0878
1.08783
1.0879
1.08791
1.08791
1.0879
1.08784
1.08786
1.08757
1.08773
1.08776
1.08772
1.08765
1.08753
1.08752
1.08753
1.08757
1.08752
1.08756
1.08759
1.08762
1.08765
1.08765
1.08759
1.08755
1.08756
1.08763
1.0876
1.08756
1.08756
1.08756
1.08756
1.08756
1.08756
1.08753
1.08756
1.08756
1.08757
1.08753
1.08753
1.08753
1.08753
1.08757
1.08759
1.08766
1.08769
1.08769
1.0877
1.08767
1.08769
1.08767
1.08763
1.08763
1.08766
1.08769
1.08772
1.08772
1.0877
1.0878
1.08777
1.08777
1.08782
1.0879
1.0879
1.08789
1.0879
1.0879
1.08789
1.08786
1.08786
1.08786
1.08786
1.08786
1.08782
1.08782
1.0878
1.08777
1.08776
1.08774
1.08773
1.08772
1.08766
1.08772
1.08772
1.08767
1.08766
1.08762
1.08762
1.08763
1.08769
1.08772
1.08769
1.08769
1.08769
1.08767
1.08766
1.08766
1.08769
1.0877
1.08769
1.08776
1.08776
1.08779
1.08769
1.08769
1.08765
1.08746
1.08745
1.08742
1.08739
1.08739
1.08743
1.08746
1.08746
1.08753
1.0875
1.08749
1.08748
1.08749
1.08746
1.0874
1.08739
1.0874
1.08742
1.08742
1.08742
1.08753
1.08753
1.08752
1.08752
1.08759
1.08766
1.08769
1.0877
1.0877
1.08774
1.08777
1.08783
1.08774
1.08774
1.08774
1.08769
1.08769
1.08769
1.0877
1.08772
1.08782
1.08783
1.08782
1.0878
1.0878
1.08782
1.08782
1.08782
1.0878
1.08777
1.08779
1.08777
1.08779
1.08777
1.08779
1.0878
1.08791
1.08793
1.08796
1.08794
1.08794
1.08793
1.08794
1.08797
1.08797
1.08796
1.08791
1.08793
1.08796
1.08794
1.08817
1.08821
1.08818
1.08823
1.08826
1.08826
1.08818
1.08818
1.08817
1.08816
1.08818
1.08818
1.08818
1.08821
1.0882
1.088
1.08799
1.088
1.088
1.0879
1.0879
1.0879
1.08786
1.08787
1.08796
1.08803
1.08803
1.08807
1.08803
1.08801
1.08797
1.08796
1.08803
1.08807
1.08807
1.08818
1.08821
1.08817
1.08797
1.08797
1.08799
1.08797
1.088
1.08796
1.08794
1.08794
1.08796
1.08796
1.08793
1.0879
1.08789
1.08786
1.08786
1.0879
1.08793
1.08793
1.08793
1.08793
1.08804
1.08814
1.08824
1.0883
1.08834
1.08833
1.08847
1.08847
1.08851
1.08858
1.08855
1.08854
1.08855
1.08845
1.08843
1.08847
1.08847
1.08844
1.08844
1.08844
1.08843
1.08847
1.0885
1.08848
1.08847
1.08847
1.08847
1.08847
1.08845
1.08845
1.08845
1.08844
1.08843
1.08841
1.0884
1.08835
1.08835
1.08835
1.08835
1.08834
1.08835
1.08845
1.08844
1.08841
1.08841
1.08841
1.08837
1.08841
1.0884
1.08834
1.08843
1.08838
1.08835
1.08834
1.08834
1.08834
1.08834
1.08831
1.0883
1.08831
1.0883
1.08831
1.08828
1.08826
1.08818
1.08826
1.08827
1.08831
1.08824
1.08826
1.08824
1.08833
1.08833
1.08834
1.08834
1.08833
1.0883
1.08828
1.08831
1.08827
1.08831
1.08831
1.08833
1.08833
1.08833
1.08827
1.08824
1.08826
1.08835
1.08841
1.08841
1.08841
1.08841
1.0884
1.08837
1.08837
1.08838
1.08841
1.08841
1.08841
1.08848
1.08848
1.0885
1.08847
1.08847
1.08851
1.08851
1.08847
1.08857
1.08858
1.08857
1.08852
1.08847
1.08844
1.0884
1.08837
1.08835
1.08834
1.08831
1.08828
1.08831
1.08837
1.08841
1.08843
1.08843
1.08844
1.08841
1.08843
1.08844
1.08844
1.08844
1.08835
1.08835
1.08837
1.08837
1.08837
1.08835
1.08837
1.08837
1.08834
1.08821
1.0882
1.08811
1.08809
1.08811
1.08813
1.08817
1.0882
1.08814
1.08801
1.088
1.08801
1.08807
1.08806
1.08806
1.08806
1.08806
1.08807
1.0881
1.0881
1.08807
1.08806
1.0882
1.08823
1.08824
1.08826
1.08817
1.08821
1.08818
1.08817
1.08817
1.08826
1.08831
1.08831
1.08831
1.08831
1.08826
1.0883
1.08824
1.08826
1.08826
1.08824
1.08827
1.08824
1.08813
1.08811
1.08809
1.08804
1.088
1.088
1.08793
1.0881
1.08814
1.08813
1.08814
1.0881
1.08811
1.08804
1.08803
1.08794
1.08793
1.08791
1.08793
1.088
1.088
1.08803
1.08803
1.08803
1.08806
1.08807
1.08807
1.0881
1.0881
1.0881
1.08807
1.08807
1.08807
1.08811
1.08806
1.088
1.08801
1.08801
1.08801
1.08806
1.08806
1.08804
1.088
1.0882
1.08818
1.08811
1.08814
1.08816
1.08814
1.08807
1.08804
1.08814
1.08817
1.0882
1.08821
1.0882
1.0882
1.0882
1.08814
1.08817
1.0882
1.08821
1.08824
1.08827
1.08833
1.08834
1.08833
1.08833
1.08831
1.08831
1.08831
1.08831
1.08831
1.08831
1.08831
1.08831
1.08831
1.08841
1.08843
1.08845
1.08845
1.08847
1.08851
1.08847
1.08851
1.08848
1.08851
1.08847
1.08841
1.08838
1.08834
1.08837
1.08835
1.08837
1.08837
1.08831
1.08831
1.08831
1.08831
1.08837
1.08826
1.08813
1.08816
1.08806
1.08817
1.08821
1.08821
1.0882
1.08817
1.08816
1.08817
1.08818
1.0882
1.08816
1.08817
1.08817
1.08816
1.08817
1.08814
1.08806
1.08816
1.08817
1.08827
1.08827
1.0883
1.08831
1.08831
1.08834
1.08831
1.08826
1.08821
1.08817
1.08818
1.08807
1.088
1.088
1.08797
1.08787
1.08794
1.08793
1.08789
1.08787
1.08803
1.08803
1.08803
1.08797
1.08793
1.088
1.08806
1.08803
1.0881
1.08809
1.08803
1.08793
1.08787
1.08793
1.08793
1.0879
1.08791
1.08789
1.08793
1.08793
1.0879
1.08797
1.0879
1.08787
1.0879
1.08793
1.08787
1.08786
1.08782
1.08783
1.08787
1.08786
1.08786
1.08782
1.0878
1.0878
1.0878
1.0878
1.08776
1.08772
1.08773
1.08773
1.08773
1.08783
1.08784
1.08783
1.08782
1.08777
1.08779
1.08782
1.08782
1.08782
1.08782
1.08783
1.0878
1.0878
1.08784
1.08783
1.08782
1.08783
1.08784
1.08786
1.08786
1.08786
1.08786
1.08793
1.08793
1.0879
1.08793
1.08797
1.08794
1.08796
1.08796
1.08793
